x 	 analitycal w t = 0.5	PCMN_LU w t = 0.5	analitycal w t = 1	PCMN_LU w t = 1	analitycal w t = 1.99995	PCMN_LU w t = 1.99995
1	0	0	0	0	0	0
1.01	0.0178007	0.0178011	0.015487	0.0154871	0.0138509	0.013851
1.02	0.0352516	0.0352524	0.03067	0.0306703	0.0274302	0.0274303
1.03	0.0523621	0.0523633	0.0455577	0.0455581	0.0407456	0.0407458
1.04	0.0691412	0.0691429	0.0601582	0.0601588	0.0538046	0.0538048
1.05	0.0855977	0.0855998	0.0744796	0.0744803	0.0666146	0.0666148
1.06	0.10174	0.101742	0.0885295	0.0885303	0.0791823	0.0791826
1.07	0.117576	0.117579	0.102315	0.102316	0.0915146	0.0915149
1.08	0.133114	0.133117	0.115844	0.115845	0.103618	0.103618
1.09	0.14836	0.148364	0.129122	0.129123	0.115498	0.115499
1.1	0.163323	0.163327	0.142156	0.142158	0.127162	0.127162
1.11	0.17801	0.178014	0.154953	0.154955	0.138614	0.138615
1.12	0.192426	0.19243	0.167519	0.167521	0.149862	0.149862
1.13	0.206578	0.206583	0.17986	0.179861	0.160909	0.160909
1.14	0.220474	0.220479	0.19198	0.191982	0.171761	0.171761
1.15	0.234118	0.234123	0.203887	0.203889	0.182423	0.182423
1.16	0.247516	0.247522	0.215585	0.215587	0.1929	0.1929
1.17	0.260675	0.260681	0.227078	0.227081	0.203196	0.203197
1.18	0.2736	0.273606	0.238373	0.238376	0.213317	0.213317
1.19	0.286295	0.286302	0.249474	0.249477	0.223266	0.223267
1.2	0.298766	0.298773	0.260386	0.260388	0.233047	0.233048
1.21	0.311018	0.311026	0.271112	0.271115	0.242665	0.242666
1.22	0.323056	0.323064	0.281658	0.281661	0.252124	0.252125
1.23	0.334885	0.334893	0.292028	0.29203	0.261428	0.261429
1.24	0.346508	0.346516	0.302224	0.302227	0.270579	0.27058
1.25	0.35793	0.357938	0.312253	0.312256	0.279582	0.279583
1.26	0.369156	0.369164	0.322117	0.32212	0.28844	0.288441
1.27	0.380189	0.380198	0.33182	0.331823	0.297157	0.297158
1.28	0.391033	0.391042	0.341365	0.341368	0.305735	0.305737
1.29	0.401693	0.401702	0.350756	0.35076	0.314179	0.31418
1.3	0.412171	0.412181	0.359997	0.36	0.32249	0.322491
1.31	0.422473	0.422482	0.36909	0.369094	0.330672	0.330673
1.32	0.4326	0.43261	0.378039	0.378043	0.338728	0.338729
1.33	0.442556	0.442566	0.386847	0.386851	0.34666	0.346661
1.34	0.452346	0.452356	0.395517	0.395521	0.354471	0.354473
1.35	0.461971	0.461982	0.404051	0.404055	0.362165	0.362166
1.36	0.471436	0.471447	0.412453	0.412457	0.369742	0.369743
1.37	0.480743	0.480753	0.420725	0.420729	0.377206	0.377208
1.38	0.489895	0.489906	0.428869	0.428874	0.38456	0.384561
1.39	0.498895	0.498906	0.43689	0.436894	0.391805	0.391806
1.4	0.507745	0.507757	0.444788	0.444792	0.398944	0.398945
1.41	0.51645	0.516461	0.452566	0.45257	0.405979	0.40598
1.42	0.52501	0.525022	0.460227	0.460231	0.412912	0.412913
1.43	0.53343	0.533441	0.467773	0.467777	0.419745	0.419746
1.44	0.54171	0.541722	0.475205	0.47521	0.42648	0.426481
1.45	0.549855	0.549867	0.482528	0.482532	0.433119	0.433121
1.46	0.557866	0.557878	0.489742	0.489746	0.439665	0.439666
1.47	0.565745	0.565757	0.496849	0.496853	0.446118	0.44612
1.48	0.573495	0.573507	0.503851	0.503856	0.452481	0.452483
1.49	0.581118	0.581131	0.510751	0.510756	0.458756	0.458757
1.5	0.588617	0.588629	0.517551	0.517556	0.464943	0.464945
1.51	0.595992	0.596005	0.524252	0.524256	0.471046	0.471048
1.52	0.603248	0.60326	0.530855	0.53086	0.477065	0.477067
1.53	0.610384	0.610397	0.537363	0.537368	0.483002	0.483004
1.54	0.617405	0.617417	0.543778	0.543783	0.488859	0.48886
1.55	0.62431	0.624323	0.550101	0.550106	0.494636	0.494638
1.56	0.631103	0.631116	0.556333	0.556338	0.500337	0.500339
1.57	0.637785	0.637798	0.562477	0.562482	0.505961	0.505963
1.58	0.644358	0.644371	0.568534	0.568539	0.51151	0.511512
1.59	0.650823	0.650837	0.574505	0.57451	0.516987	0.516989
1.6	0.657184	0.657197	0.580392	0.580397	0.522391	0.522393
1.61	0.66344	0.663453	0.586196	0.586201	0.527725	0.527727
1.62	0.669594	0.669607	0.591919	0.591924	0.532989	0.532991
1.63	0.675647	0.675661	0.597561	0.597567	0.538185	0.538187
1.64	0.681602	0.681615	0.603126	0.603131	0.543314	0.543316
1.65	0.687459	0.687473	0.608612	0.608618	0.548377	0.548379
1.66	0.693221	0.693234	0.614023	0.614029	0.553375	0.553377
1.67	0.698888	0.698901	0.619359	0.619365	0.55831	0.558312
1.68	0.704462	0.704475	0.624622	0.624627	0.563183	0.563185
1.69	0.709944	0.709958	0.629812	0.629817	0.567993	0.567995
1.7	0.715337	0.71535	0.634931	0.634936	0.572744	0.572746
1.71	0.720641	0.720654	0.639979	0.639985	0.577435	0.577437
1.72	0.725858	0.725871	0.644959	0.644965	0.582068	0.58207
1.73	0.730988	0.731002	0.649871	0.649877	0.586643	0.586645
1.74	0.736034	0.736048	0.654716	0.654722	0.591161	0.591164
1.75	0.740997	0.741011	0.659495	0.659501	0.595625	0.595627
1.76	0.745878	0.745891	0.66421	0.664216	0.600033	0.600035
1.77	0.750678	0.750691	0.668861	0.668866	0.604388	0.60439
1.78	0.755398	0.755412	0.673449	0.673454	0.608689	0.608692
1.79	0.76004	0.760054	0.677975	0.677981	0.612939	0.612941
1.8	0.764605	0.764618	0.68244	0.682446	0.617137	0.61714
1.81	0.769094	0.769107	0.686846	0.686851	0.621285	0.621287
1.82	0.773508	0.773521	0.691192	0.691197	0.625383	0.625386
1.83	0.777848	0.777861	0.69548	0.695486	0.629433	0.629435
1.84	0.782115	0.782128	0.699711	0.699716	0.633434	0.633436
1.85	0.786311	0.786324	0.703885	0.703891	0.637388	0.63739
1.86	0.790436	0.790449	0.708004	0.708009	0.641295	0.641297
1.87	0.794492	0.794505	0.712067	0.712073	0.645156	0.645158
1.88	0.798479	0.798492	0.716077	0.716083	0.648972	0.648974
1.89	0.802399	0.802412	0.720034	0.720039	0.652743	0.652745
1.9	0.806252	0.806265	0.723938	0.723943	0.65647	0.656473
1.91	0.810041	0.810053	0.72779	0.727796	0.660154	0.660157
1.92	0.813764	0.813777	0.731591	0.731597	0.663796	0.663798
1.93	0.817424	0.817437	0.735342	0.735348	0.667395	0.667397
1.94	0.821022	0.821034	0.739044	0.73905	0.670953	0.670955
1.95	0.824558	0.82457	0.742696	0.742702	0.67447	0.674473
1.96	0.828033	0.828045	0.746301	0.746307	0.677947	0.67795
1.97	0.831448	0.831461	0.749858	0.749863	0.681385	0.681387
1.98	0.834805	0.834817	0.753368	0.753374	0.684783	0.684785
1.99	0.838103	0.838116	0.756832	0.756837	0.688143	0.688145
2	0.841345	0.841357	0.76025	0.760256	0.691465	0.691467
2.01	0.84453	0.844542	0.763623	0.763629	0.694749	0.694751
2.02	0.847659	0.847671	0.766952	0.766958	0.697997	0.697999
2.03	0.850734	0.850746	0.770238	0.770243	0.701208	0.70121
2.04	0.853755	0.853767	0.77348	0.773485	0.704383	0.704385
2.05	0.856723	0.856735	0.776679	0.776685	0.707523	0.707525
2.06	0.859639	0.85965	0.779837	0.779843	0.710628	0.71063
2.07	0.862503	0.862514	0.782953	0.782959	0.713698	0.7137
2.08	0.865316	0.865328	0.786028	0.786034	0.716734	0.716737
2.09	0.86808	0.868091	0.789064	0.789069	0.719737	0.71974
2.1	0.870794	0.870805	0.792059	0.792064	0.722707	0.72271
2.11	0.87346	0.873471	0.795015	0.79502	0.725645	0.725647
2.12	0.876078	0.876089	0.797932	0.797938	0.72855	0.728552
2.13	0.87865	0.878661	0.800811	0.800817	0.731423	0.731425
2.14	0.881175	0.881185	0.803652	0.803658	0.734265	0.734267
2.15	0.883654	0.883665	0.806456	0.806462	0.737076	0.737078
2.16	0.886089	0.886099	0.809224	0.809229	0.739857	0.739859
2.17	0.888479	0.888489	0.811955	0.81196	0.742607	0.742609
2.18	0.890826	0.890836	0.81465	0.814655	0.745328	0.74533
2.19	0.89313	0.89314	0.81731	0.817315	0.748019	0.748021
2.2	0.895391	0.895401	0.819935	0.81994	0.750681	0.750684
2.21	0.897611	0.897621	0.822525	0.822531	0.753315	0.753317
2.22	0.899791	0.899801	0.825082	0.825087	0.75592	0.755923
2.23	0.90193	0.901939	0.827605	0.82761	0.758498	0.7585
2.24	0.904029	0.904039	0.830094	0.8301	0.761048	0.76105
2.25	0.906089	0.906099	0.832552	0.832557	0.763571	0.763573
2.26	0.908111	0.90812	0.834976	0.834982	0.766067	0.766069
2.27	0.910095	0.910104	0.837369	0.837375	0.768536	0.768538
2.28	0.912042	0.912051	0.839731	0.839736	0.770979	0.770982
2.29	0.913952	0.913961	0.842061	0.842066	0.773397	0.773399
2.3	0.915826	0.915835	0.844361	0.844366	0.775788	0.775791
2.31	0.917664	0.917673	0.84663	0.846635	0.778155	0.778157
2.32	0.919468	0.919477	0.848869	0.848875	0.780496	0.780499
2.33	0.921237	0.921246	0.851079	0.851084	0.782813	0.782816
2.34	0.922972	0.922981	0.85326	0.853265	0.785106	0.785108
2.35	0.924674	0.924683	0.855412	0.855417	0.787374	0.787377
2.36	0.926343	0.926352	0.857535	0.85754	0.789619	0.789621
2.37	0.92798	0.927989	0.85963	0.859635	0.79184	0.791843
2.38	0.929585	0.929594	0.861698	0.861703	0.794038	0.794041
2.39	0.931159	0.931168	0.863738	0.863743	0.796213	0.796216
2.4	0.932703	0.932711	0.86575	0.865756	0.798366	0.798368
2.41	0.934216	0.934224	0.867737	0.867742	0.800496	0.800498
2.42	0.935699	0.935707	0.869697	0.869702	0.802604	0.802606
2.43	0.937153	0.937161	0.87163	0.871635	0.80469	0.804692
2.44	0.938579	0.938587	0.873538	0.873543	0.806754	0.806757
2.45	0.939976	0.939984	0.875421	0.875426	0.808797	0.8088
2.46	0.941345	0.941353	0.877278	0.877283	0.810819	0.810822
2.47	0.942688	0.942695	0.879111	0.879115	0.81282	0.812823
2.48	0.944003	0.94401	0.880919	0.880923	0.814801	0.814803
2.49	0.945291	0.945299	0.882702	0.882707	0.816761	0.816763
2.5	0.946554	0.946561	0.884462	0.884467	0.8187	0.818703
2.51	0.947791	0.947798	0.886199	0.886203	0.82062	0.820623
2.52	0.949004	0.94901	0.887911	0.887916	0.82252	0.822523
2.53	0.950191	0.950198	0.889601	0.889606	0.824401	0.824403
2.54	0.951354	0.951361	0.891268	0.891273	0.826262	0.826264
2.55	0.952494	0.9525	0.892913	0.892918	0.828104	0.828107
2.56	0.953609	0.953616	0.894535	0.89454	0.829928	0.82993
2.57	0.954702	0.954709	0.896136	0.89614	0.831732	0.831735
2.58	0.955773	0.955779	0.897715	0.897719	0.833519	0.833521
2.59	0.956821	0.956827	0.899272	0.899276	0.835287	0.835289
2.6	0.957847	0.957853	0.900808	0.900813	0.837037	0.837039
2.61	0.958851	0.958857	0.902323	0.902328	0.838769	0.838771
2.62	0.959835	0.959841	0.903818	0.903822	0.840483	0.840485
2.63	0.960798	0.960804	0.905292	0.905297	0.84218	0.842182
2.64	0.96174	0.961746	0.906746	0.906751	0.84386	0.843862
2.65	0.962663	0.962668	0.908181	0.908185	0.845522	0.845525
2.66	0.963566	0.963571	0.909595	0.9096	0.847168	0.84717
2.67	0.96445	0.964455	0.910991	0.910995	0.848797	0.848799
2.68	0.965314	0.96532	0.912367	0.912371	0.85041	0.850412
2.69	0.966161	0.966166	0.913724	0.913728	0.852006	0.852008
2.7	0.966989	0.966994	0.915062	0.915066	0.853585	0.853588
2.71	0.967799	0.967803	0.916382	0.916386	0.855149	0.855152
2.72	0.968591	0.968596	0.917684	0.917688	0.856697	0.8567
2.73	0.969366	0.969371	0.918968	0.918972	0.85823	0.858232
2.74	0.970124	0.970129	0.920234	0.920238	0.859747	0.859749
2.75	0.970866	0.970871	0.921482	0.921486	0.861248	0.86125
2.76	0.971591	0.971596	0.922713	0.922717	0.862734	0.862736
2.77	0.972301	0.972305	0.923927	0.923931	0.864206	0.864208
2.78	0.972994	0.972999	0.925123	0.925127	0.865662	0.865664
2.79	0.973672	0.973677	0.926304	0.926307	0.867104	0.867106
2.8	0.974335	0.97434	0.927467	0.927471	0.868531	0.868533
2.81	0.974984	0.974988	0.928615	0.928618	0.869943	0.869945
2.82	0.975617	0.975621	0.929746	0.929749	0.871342	0.871344
2.83	0.976237	0.976241	0.930861	0.930865	0.872726	0.872728
2.84	0.976842	0.976846	0.93196	0.931964	0.874096	0.874098
2.85	0.977434	0.977438	0.933044	0.933048	0.875453	0.875455
2.86	0.978012	0.978016	0.934113	0.934117	0.876795	0.876798
2.87	0.978577	0.978581	0.935167	0.93517	0.878125	0.878127
2.88	0.979129	0.979133	0.936205	0.936209	0.87944	0.879443
2.89	0.979669	0.979672	0.937229	0.937233	0.880743	0.880745
2.9	0.980195	0.980199	0.938238	0.938242	0.882032	0.882034
2.91	0.98071	0.980714	0.939233	0.939236	0.883309	0.883311
2.92	0.981213	0.981216	0.940214	0.940217	0.884572	0.884574
2.93	0.981704	0.981707	0.94118	0.941184	0.885823	0.885825
2.94	0.982184	0.982187	0.942133	0.942136	0.887061	0.887063
2.95	0.982652	0.982655	0.943072	0.943075	0.888287	0.888289
2.96	0.98311	0.983112	0.943997	0.944	0.8895	0.889502
2.97	0.983556	0.983559	0.944909	0.944912	0.890701	0.890703
2.98	0.983992	0.983995	0.945808	0.945811	0.89189	0.891892
2.99	0.984418	0.984421	0.946694	0.946697	0.893067	0.893069
3	0.984833	0.984836	0.947567	0.94757	0.894232	0.894234
3.01	0.985239	0.985241	0.948427	0.94843	0.895385	0.895387
3.02	0.985635	0.985637	0.949275	0.949278	0.896527	0.896529
3.03	0.986021	0.986023	0.95011	0.950113	0.897657	0.897659
3.04	0.986398	0.9864	0.950934	0.950937	0.898776	0.898778
3.05	0.986766	0.986768	0.951745	0.951748	0.899883	0.899885
3.06	0.987125	0.987127	0.952544	0.952547	0.900979	0.900981
3.07	0.987475	0.987477	0.953331	0.953334	0.902064	0.902066
3.08	0.987816	0.987819	0.954107	0.95411	0.903138	0.90314
3.09	0.98815	0.988152	0.954871	0.954874	0.904202	0.904204
3.1	0.988475	0.988477	0.955625	0.955627	0.905254	0.905256
3.11	0.988792	0.988794	0.956366	0.956369	0.906296	0.906298
3.12	0.989101	0.989103	0.957097	0.9571	0.907327	0.907329
3.13	0.989402	0.989404	0.957817	0.95782	0.908348	0.90835
3.14	0.989696	0.989698	0.958527	0.958529	0.909359	0.909361
3.15	0.989982	0.989984	0.959225	0.959228	0.910359	0.910361
3.16	0.990262	0.990264	0.959913	0.959916	0.911349	0.911351
3.17	0.990534	0.990536	0.960591	0.960594	0.912329	0.912331
3.18	0.9908	0.990801	0.961259	0.961261	0.9133	0.913301
3.19	0.991058	0.99106	0.961916	0.961919	0.91426	0.914262
3.2	0.99131	0.991312	0.962564	0.962567	0.915211	0.915212
3.21	0.991556	0.991558	0.963202	0.963204	0.916152	0.916153
3.22	0.991795	0.991797	0.96383	0.963833	0.917083	0.917085
3.23	0.992029	0.99203	0.964449	0.964451	0.918005	0.918007
3.24	0.992256	0.992257	0.965058	0.96506	0.918917	0.918919
3.25	0.992477	0.992479	0.965658	0.96566	0.919821	0.919822
3.26	0.992693	0.992694	0.966249	0.966251	0.920715	0.920716
3.27	0.992903	0.992904	0.96683	0.966833	0.9216	0.921601
3.28	0.993107	0.993109	0.967403	0.967405	0.922475	0.922477
3.29	0.993307	0.993308	0.967967	0.967969	0.923342	0.923344
3.3	0.993501	0.993502	0.968522	0.968525	0.924201	0.924202
3.31	0.993689	0.993691	0.969069	0.969071	0.92505	0.925052
3.32	0.993873	0.993874	0.969607	0.969609	0.925891	0.925892
3.33	0.994052	0.994053	0.970137	0.970139	0.926723	0.926725
3.34	0.994226	0.994228	0.970659	0.970661	0.927546	0.927548
3.35	0.994396	0.994397	0.971172	0.971174	0.928362	0.928363
3.36	0.994561	0.994562	0.971678	0.97168	0.929168	0.92917
3.37	0.994722	0.994723	0.972175	0.972177	0.929967	0.929969
3.38	0.994878	0.994879	0.972665	0.972667	0.930757	0.930759
3.39	0.99503	0.995031	0.973147	0.973149	0.931539	0.931541
3.4	0.995178	0.995179	0.973622	0.973624	0.932314	0.932315
3.41	0.995322	0.995323	0.974089	0.974091	0.93308	0.933082
3.42	0.995462	0.995463	0.974548	0.97455	0.933838	0.93384
3.43	0.995598	0.995599	0.975001	0.975003	0.934589	0.93459
3.44	0.99573	0.995731	0.975446	0.975448	0.935332	0.935333
3.45	0.995859	0.99586	0.975884	0.975886	0.936067	0.936068
3.46	0.995984	0.995985	0.976315	0.976317	0.936794	0.936796
3.47	0.996106	0.996107	0.976739	0.976741	0.937514	0.937516
3.48	0.996225	0.996225	0.977157	0.977158	0.938227	0.938229
3.49	0.99634	0.99634	0.977567	0.977569	0.938932	0.938934
3.5	0.996452	0.996452	0.977971	0.977973	0.93963	0.939632
3.51	0.99656	0.996561	0.978369	0.978371	0.940321	0.940323
3.52	0.996666	0.996667	0.97876	0.978762	0.941005	0.941006
3.53	0.996769	0.996769	0.979145	0.979147	0.941681	0.941683
3.54	0.996869	0.996869	0.979524	0.979525	0.942351	0.942352
3.55	0.996966	0.996966	0.979896	0.979898	0.943013	0.943015
3.56	0.99706	0.99706	0.980262	0.980264	0.943669	0.94367
3.57	0.997151	0.997152	0.980623	0.980624	0.944317	0.944319
3.58	0.99724	0.997241	0.980977	0.980979	0.944959	0.944961
3.59	0.997327	0.997327	0.981326	0.981327	0.945595	0.945596
3.6	0.99741	0.997411	0.981669	0.98167	0.946224	0.946225
3.61	0.997492	0.997492	0.982006	0.982008	0.946846	0.946847
3.62	0.997571	0.997571	0.982338	0.982339	0.947461	0.947463
3.63	0.997648	0.997648	0.982664	0.982666	0.94807	0.948072
3.64	0.997722	0.997723	0.982985	0.982986	0.948673	0.948675
3.65	0.997795	0.997795	0.9833	0.983302	0.94927	0.949271
3.66	0.997865	0.997865	0.983611	0.983612	0.94986	0.949861
3.67	0.997933	0.997934	0.983916	0.983917	0.950444	0.950445
3.68	0.997999	0.998	0.984216	0.984217	0.951022	0.951023
3.69	0.998064	0.998064	0.984511	0.984512	0.951594	0.951595
3.7	0.998126	0.998126	0.984801	0.984802	0.952159	0.952161
3.71	0.998186	0.998187	0.985086	0.985087	0.952719	0.95272
3.72	0.998245	0.998245	0.985366	0.985367	0.953273	0.953274
3.73	0.998302	0.998302	0.985642	0.985643	0.953821	0.953822
3.74	0.998357	0.998358	0.985912	0.985914	0.954363	0.954365
3.75	0.998411	0.998411	0.986179	0.98618	0.9549	0.954901
3.76	0.998463	0.998463	0.98644	0.986442	0.95543	0.955432
3.77	0.998513	0.998513	0.986698	0.986699	0.955956	0.955957
3.78	0.998562	0.998562	0.986951	0.986952	0.956475	0.956477
3.79	0.998609	0.99861	0.987199	0.9872	0.956989	0.956991
3.8	0.998655	0.998655	0.987443	0.987445	0.957498	0.957499
3.81	0.9987	0.9987	0.987684	0.987685	0.958001	0.958002
3.82	0.998743	0.998743	0.987919	0.987921	0.958499	0.9585
3.83	0.998785	0.998785	0.988151	0.988152	0.958991	0.958993
3.84	0.998825	0.998825	0.988379	0.98838	0.959479	0.95948
3.85	0.998864	0.998865	0.988603	0.988604	0.959961	0.959962
3.86	0.998902	0.998903	0.988823	0.988824	0.960437	0.960439
3.87	0.998939	0.99894	0.989039	0.98904	0.960909	0.96091
3.88	0.998975	0.998975	0.989252	0.989253	0.961376	0.961377
3.89	0.99901	0.99901	0.98946	0.989461	0.961837	0.961839
3.9	0.999043	0.999043	0.989665	0.989666	0.962294	0.962295
3.91	0.999076	0.999076	0.989867	0.989868	0.962746	0.962747
3.92	0.999107	0.999107	0.990065	0.990066	0.963193	0.963194
3.93	0.999138	0.999138	0.990259	0.99026	0.963635	0.963636
3.94	0.999167	0.999167	0.99045	0.990451	0.964072	0.964073
3.95	0.999196	0.999196	0.990638	0.990638	0.964504	0.964506
3.96	0.999223	0.999223	0.990822	0.990823	0.964932	0.964933
3.97	0.99925	0.99925	0.991003	0.991003	0.965355	0.965357
3.98	0.999276	0.999276	0.99118	0.991181	0.965774	0.965775
3.99	0.999301	0.999301	0.991355	0.991356	0.966188	0.966189
4	0.999325	0.999325	0.991526	0.991527	0.966598	0.966599
4.01	0.999349	0.999349	0.991695	0.991695	0.967003	0.967004
4.02	0.999371	0.999371	0.99186	0.991861	0.967403	0.967404
4.03	0.999393	0.999393	0.992022	0.992023	0.9678	0.967801
4.04	0.999414	0.999415	0.992182	0.992182	0.968192	0.968193
4.05	0.999435	0.999435	0.992338	0.992339	0.968579	0.96858
4.06	0.999455	0.999455	0.992492	0.992492	0.968963	0.968964
4.07	0.999474	0.999474	0.992643	0.992643	0.969342	0.969343
4.08	0.999493	0.999493	0.992791	0.992791	0.969717	0.969718
4.09	0.999511	0.999511	0.992936	0.992937	0.970088	0.970089
4.1	0.999528	0.999528	0.993079	0.993079	0.970454	0.970455
4.11	0.999545	0.999545	0.993219	0.993219	0.970817	0.970818
4.12	0.999561	0.999561	0.993356	0.993357	0.971176	0.971177
4.13	0.999577	0.999577	0.993491	0.993492	0.971531	0.971532
4.14	0.999592	0.999592	0.993624	0.993624	0.971882	0.971882
4.15	0.999607	0.999607	0.993754	0.993754	0.972228	0.972229
4.16	0.999621	0.999621	0.993881	0.993882	0.972572	0.972573
4.17	0.999634	0.999634	0.994007	0.994007	0.972911	0.972912
4.18	0.999648	0.999648	0.99413	0.99413	0.973246	0.973247
4.19	0.99966	0.99966	0.99425	0.994251	0.973578	0.973579
4.2	0.999673	0.999673	0.994369	0.994369	0.973906	0.973907
4.21	0.999685	0.999685	0.994485	0.994485	0.974231	0.974231
4.22	0.999696	0.999696	0.994599	0.994599	0.974551	0.974552
4.23	0.999707	0.999707	0.994711	0.994711	0.974868	0.974869
4.24	0.999718	0.999718	0.99482	0.994821	0.975182	0.975183
4.25	0.999728	0.999728	0.994928	0.994928	0.975492	0.975493
4.26	0.999738	0.999738	0.995034	0.995034	0.975799	0.9758
4.27	0.999748	0.999748	0.995137	0.995138	0.976102	0.976103
4.28	0.999757	0.999757	0.995239	0.995239	0.976402	0.976403
4.29	0.999766	0.999766	0.995338	0.995339	0.976698	0.976699
4.3	0.999775	0.999775	0.995436	0.995437	0.976991	0.976992
4.31	0.999784	0.999784	0.995532	0.995533	0.977281	0.977282
4.32	0.999792	0.999792	0.995626	0.995627	0.977567	0.977568
4.33	0.999799	0.999799	0.995718	0.995719	0.97785	0.977851
4.34	0.999807	0.999807	0.995809	0.995809	0.97813	0.978131
4.35	0.999814	0.999814	0.995898	0.995898	0.978407	0.978408
4.36	0.999821	0.999821	0.995985	0.995985	0.97868	0.978681
4.37	0.999828	0.999828	0.99607	0.99607	0.978951	0.978952
4.38	0.999835	0.999835	0.996154	0.996154	0.979218	0.979219
4.39	0.999841	0.999841	0.996236	0.996236	0.979483	0.979483
4.4	0.999847	0.999847	0.996316	0.996316	0.979744	0.979745
4.41	0.999853	0.999853	0.996395	0.996395	0.980002	0.980003
4.42	0.999858	0.999858	0.996472	0.996473	0.980257	0.980258
4.43	0.999864	0.999864	0.996548	0.996548	0.98051	0.980511
4.44	0.999869	0.999869	0.996622	0.996623	0.980759	0.98076
4.45	0.999874	0.999874	0.996695	0.996695	0.981006	0.981007
4.46	0.999879	0.999879	0.996766	0.996767	0.98125	0.98125
4.47	0.999884	0.999884	0.996836	0.996837	0.981491	0.981491
4.48	0.999888	0.999888	0.996905	0.996905	0.981729	0.981729
4.49	0.999892	0.999892	0.996972	0.996973	0.981964	0.981965
4.5	0.999897	0.999897	0.997038	0.997038	0.982197	0.982197
4.51	0.999901	0.999901	0.997103	0.997103	0.982427	0.982427
4.52	0.999905	0.999905	0.997166	0.997166	0.982654	0.982655
4.53	0.999908	0.999908	0.997228	0.997228	0.982879	0.982879
4.54	0.999912	0.999912	0.997289	0.997289	0.983101	0.983101
4.55	0.999915	0.999915	0.997348	0.997349	0.98332	0.983321
4.56	0.999919	0.999919	0.997407	0.997407	0.983537	0.983537
4.57	0.999922	0.999922	0.997464	0.997464	0.983751	0.983752
4.58	0.999925	0.999925	0.99752	0.99752	0.983963	0.983963
4.59	0.999928	0.999928	0.997575	0.997575	0.984172	0.984173
4.6	0.999931	0.999931	0.997628	0.997629	0.984379	0.98438
4.61	0.999934	0.999934	0.997681	0.997681	0.984583	0.984584
4.62	0.999936	0.999936	0.997733	0.997733	0.984785	0.984786
4.63	0.999939	0.999939	0.997783	0.997783	0.984985	0.984985
4.64	0.999941	0.999941	0.997833	0.997833	0.985182	0.985183
4.65	0.999944	0.999944	0.997881	0.997881	0.985377	0.985377
4.66	0.999946	0.999946	0.997928	0.997929	0.985569	0.98557
4.67	0.999948	0.999948	0.997975	0.997975	0.98576	0.98576
4.68	0.99995	0.99995	0.998021	0.998021	0.985948	0.985948
4.69	0.999952	0.999952	0.998065	0.998065	0.986133	0.986134
4.7	0.999954	0.999954	0.998109	0.998109	0.986317	0.986318
4.71	0.999956	0.999956	0.998151	0.998152	0.986498	0.986499
4.72	0.999958	0.999958	0.998193	0.998194	0.986677	0.986678
4.73	0.99996	0.99996	0.998234	0.998234	0.986855	0.986855
4.74	0.999961	0.999961	0.998274	0.998275	0.987029	0.98703
4.75	0.999963	0.999963	0.998314	0.998314	0.987202	0.987203
4.76	0.999964	0.999964	0.998352	0.998352	0.987373	0.987373
4.77	0.999966	0.999966	0.99839	0.99839	0.987542	0.987542
4.78	0.999967	0.999967	0.998427	0.998427	0.987708	0.987709
4.79	0.999969	0.999969	0.998463	0.998463	0.987873	0.987873
4.8	0.99997	0.99997	0.998498	0.998498	0.988035	0.988036
4.81	0.999971	0.999971	0.998533	0.998533	0.988196	0.988197
4.82	0.999972	0.999972	0.998566	0.998567	0.988355	0.988355
4.83	0.999973	0.999973	0.998599	0.9986	0.988512	0.988512
4.84	0.999975	0.999975	0.998632	0.998632	0.988666	0.988667
4.85	0.999976	0.999976	0.998664	0.998664	0.988819	0.98882
4.86	0.999977	0.999977	0.998695	0.998695	0.98897	0.988971
4.87	0.999978	0.999978	0.998725	0.998725	0.98912	0.98912
4.88	0.999979	0.999979	0.998755	0.998755	0.989267	0.989268
4.89	0.99998	0.999979	0.998784	0.998784	0.989413	0.989413
4.9	0.99998	0.99998	0.998812	0.998812	0.989556	0.989557
4.91	0.999981	0.999981	0.99884	0.99884	0.989699	0.989699
4.92	0.999982	0.999982	0.998867	0.998867	0.989839	0.989839
4.93	0.999983	0.999983	0.998894	0.998894	0.989977	0.989978
4.94	0.999984	0.999984	0.99892	0.99892	0.990114	0.990115
4.95	0.999984	0.999984	0.998945	0.998945	0.990249	0.99025
4.96	0.999985	0.999985	0.99897	0.99897	0.990383	0.990383
4.97	0.999986	0.999986	0.998995	0.998995	0.990515	0.990515
4.98	0.999986	0.999986	0.999018	0.999018	0.990645	0.990645
4.99	0.999987	0.999987	0.999042	0.999042	0.990774	0.990774
5	0.999987	0.999987	0.999064	0.999065	0.9909	0.990901
5.01	0.999988	0.999988	0.999087	0.999087	0.991026	0.991026
5.02	0.999988	0.999988	0.999109	0.999109	0.99115	0.99115
5.03	0.999989	0.999989	0.99913	0.99913	0.991272	0.991272
5.04	0.999989	0.999989	0.999151	0.999151	0.991393	0.991393
5.05	0.99999	0.99999	0.999171	0.999171	0.991512	0.991512
5.06	0.99999	0.99999	0.999191	0.999191	0.99163	0.99163
5.07	0.999991	0.999991	0.99921	0.999211	0.991746	0.991746
5.08	0.999991	0.999991	0.999229	0.99923	0.991861	0.991861
5.09	0.999992	0.999992	0.999248	0.999248	0.991974	0.991974
5.1	0.999992	0.999992	0.999266	0.999266	0.992086	0.992086
5.11	0.999992	0.999992	0.999284	0.999284	0.992196	0.992197
5.12	0.999993	0.999993	0.999301	0.999302	0.992305	0.992306
5.13	0.999993	0.999993	0.999318	0.999319	0.992413	0.992413
5.14	0.999993	0.999993	0.999335	0.999335	0.992519	0.99252
5.15	0.999994	0.999994	0.999351	0.999351	0.992624	0.992625
5.16	0.999994	0.999994	0.999367	0.999367	0.992728	0.992728
5.17	0.999994	0.999994	0.999383	0.999383	0.99283	0.992831
5.18	0.999994	0.999994	0.999398	0.999398	0.992931	0.992932
5.19	0.999995	0.999995	0.999413	0.999413	0.993031	0.993031
5.2	0.999995	0.999995	0.999427	0.999427	0.99313	0.99313
5.21	0.999995	0.999995	0.999441	0.999441	0.993227	0.993227
5.22	0.999995	0.999995	0.999455	0.999455	0.993323	0.993323
5.23	0.999996	0.999996	0.999468	0.999468	0.993417	0.993418
5.24	0.999996	0.999996	0.999482	0.999482	0.993511	0.993511
5.25	0.999996	0.999996	0.999494	0.999495	0.993603	0.993603
5.26	0.999996	0.999996	0.999507	0.999507	0.993694	0.993694
5.27	0.999996	0.999996	0.999519	0.999519	0.993784	0.993784
5.28	0.999996	0.999996	0.999531	0.999531	0.993873	0.993873
5.29	0.999997	0.999997	0.999543	0.999543	0.99396	0.99396
5.3	0.999997	0.999997	0.999554	0.999554	0.994047	0.994047
5.31	0.999997	0.999997	0.999566	0.999566	0.994132	0.994132
5.32	0.999997	0.999997	0.999577	0.999577	0.994216	0.994216
5.33	0.999997	0.999997	0.999587	0.999587	0.994299	0.994299
5.34	0.999997	0.999997	0.999598	0.999598	0.994381	0.994381
5.35	0.999997	0.999997	0.999608	0.999608	0.994462	0.994462
5.36	0.999998	0.999998	0.999618	0.999618	0.994542	0.994542
5.37	0.999998	0.999998	0.999627	0.999627	0.994621	0.994621
5.38	0.999998	0.999998	0.999637	0.999637	0.994698	0.994699
5.39	0.999998	0.999998	0.999646	0.999646	0.994775	0.994775
5.4	0.999998	0.999998	0.999655	0.999655	0.994851	0.994851
5.41	0.999998	0.999998	0.999664	0.999664	0.994926	0.994926
5.42	0.999998	0.999998	0.999672	0.999672	0.994999	0.995
5.43	0.999998	0.999998	0.999681	0.999681	0.995072	0.995072
5.44	0.999998	0.999998	0.999689	0.999689	0.995144	0.995144
5.45	0.999998	0.999998	0.999697	0.999697	0.995215	0.995215
5.46	0.999998	0.999998	0.999705	0.999705	0.995285	0.995285
5.47	0.999999	0.999999	0.999712	0.999712	0.995354	0.995354
5.48	0.999999	0.999999	0.99972	0.99972	0.995422	0.995422
5.49	0.999999	0.999999	0.999727	0.999727	0.995489	0.995489
5.5	0.999999	0.999999	0.999734	0.999734	0.995555	0.995555
5.51	0.999999	0.999999	0.999741	0.999741	0.99562	0.995621
5.52	0.999999	0.999999	0.999748	0.999748	0.995685	0.995685
5.53	0.999999	0.999999	0.999754	0.999754	0.995748	0.995749
5.54	0.999999	0.999999	0.999761	0.999761	0.995811	0.995811
5.55	0.999999	0.999999	0.999767	0.999767	0.995873	0.995873
5.56	0.999999	0.999999	0.999773	0.999773	0.995934	0.995934
5.57	0.999999	0.999999	0.999779	0.999779	0.995994	0.995995
5.58	0.999999	0.999999	0.999785	0.999785	0.996054	0.996054
5.59	0.999999	0.999999	0.99979	0.99979	0.996112	0.996113
5.6	0.999999	0.999999	0.999796	0.999796	0.99617	0.99617
5.61	0.999999	0.999999	0.999801	0.999801	0.996227	0.996227
5.62	0.999999	0.999999	0.999806	0.999806	0.996284	0.996284
5.63	0.999999	0.999999	0.999812	0.999812	0.996339	0.996339
5.64	0.999999	0.999999	0.999817	0.999817	0.996394	0.996394
5.65	0.999999	0.999999	0.999821	0.999821	0.996448	0.996448
5.66	0.999999	0.999999	0.999826	0.999826	0.996501	0.996501
5.67	0.999999	0.999999	0.999831	0.999831	0.996553	0.996554
5.68	0.999999	0.999999	0.999835	0.999835	0.996605	0.996605
5.69	1	1	0.99984	0.99984	0.996656	0.996656
5.7	1	1	0.999844	0.999844	0.996707	0.996707
5.71	1	1	0.999848	0.999848	0.996756	0.996757
5.72	1	1	0.999852	0.999852	0.996805	0.996805
5.73	1	1	0.999856	0.999856	0.996854	0.996854
5.74	1	1	0.99986	0.99986	0.996901	0.996901
5.75	1	1	0.999864	0.999864	0.996948	0.996948
5.76	1	1	0.999868	0.999868	0.996995	0.996995
5.77	1	1	0.999871	0.999871	0.99704	0.99704
5.78	1	1	0.999875	0.999875	0.997085	0.997085
5.79	1	1	0.999878	0.999878	0.99713	0.99713
5.8	1	1	0.999881	0.999881	0.997173	0.997174
5.81	1	1	0.999885	0.999885	0.997217	0.997217
5.82	1	1	0.999888	0.999888	0.997259	0.997259
5.83	1	1	0.999891	0.999891	0.997301	0.997301
5.84	1	1	0.999894	0.999894	0.997343	0.997343
5.85	1	1	0.999897	0.999897	0.997383	0.997384
5.86	1	1	0.999899	0.999899	0.997424	0.997424
5.87	1	1	0.999902	0.999902	0.997463	0.997463
5.88	1	1	0.999905	0.999905	0.997502	0.997503
5.89	1	1	0.999908	0.999908	0.997541	0.997541
5.9	1	1	0.99991	0.99991	0.997579	0.997579
5.91	1	1	0.999913	0.999913	0.997616	0.997616
5.92	1	1	0.999915	0.999915	0.997653	0.997653
5.93	1	1	0.999917	0.999917	0.99769	0.99769
5.94	1	1	0.99992	0.99992	0.997726	0.997726
5.95	1	1	0.999922	0.999922	0.997761	0.997761
5.96	1	1	0.999924	0.999924	0.997796	0.997796
5.97	1	1	0.999926	0.999926	0.99783	0.99783
5.98	1	1	0.999928	0.999928	0.997864	0.997864
5.99	1	1	0.99993	0.99993	0.997897	0.997897
6	1	1	0.999932	0.999932	0.99793	0.99793
6.01	1	1	0.999934	0.999934	0.997963	0.997963
6.02	1	1	0.999936	0.999936	0.997995	0.997995
6.03	1	1	0.999938	0.999938	0.998026	0.998026
6.04	1	1	0.999939	0.999939	0.998057	0.998057
6.05	1	1	0.999941	0.999941	0.998088	0.998088
6.06	1	1	0.999943	0.999943	0.998118	0.998118
6.07	1	1	0.999944	0.999944	0.998148	0.998148
6.08	1	1	0.999946	0.999946	0.998177	0.998177
6.09	1	1	0.999948	0.999948	0.998206	0.998206
6.1	1	1	0.999949	0.999949	0.998234	0.998234
6.11	1	1	0.999951	0.999951	0.998262	0.998262
6.12	1	1	0.999952	0.999952	0.99829	0.99829
6.13	1	1	0.999953	0.999953	0.998317	0.998317
6.14	1	1	0.999955	0.999955	0.998344	0.998344
6.15	1	1	0.999956	0.999956	0.99837	0.99837
6.16	1	1	0.999957	0.999957	0.998396	0.998396
6.17	1	1	0.999958	0.999958	0.998422	0.998422
6.18	1	1	0.99996	0.99996	0.998447	0.998447
6.19	1	1	0.999961	0.999961	0.998472	0.998472
6.2	1	1	0.999962	0.999962	0.998497	0.998497
6.21	1	1	0.999963	0.999963	0.998521	0.998521
6.22	1	1	0.999964	0.999964	0.998544	0.998545
6.23	1	1	0.999965	0.999965	0.998568	0.998568
6.24	1	1	0.999966	0.999966	0.998591	0.998591
6.25	1	1	0.999967	0.999967	0.998614	0.998614
6.26	1	1	0.999968	0.999968	0.998636	0.998636
6.27	1	1	0.999969	0.999969	0.998658	0.998658
6.28	1	1	0.99997	0.99997	0.99868	0.99868
6.29	1	1	0.999971	0.999971	0.998701	0.998701
6.3	1	1	0.999972	0.999972	0.998722	0.998723
6.31	1	1	0.999973	0.999972	0.998743	0.998743
6.32	1	1	0.999973	0.999973	0.998764	0.998764
6.33	1	1	0.999974	0.999974	0.998784	0.998784
6.34	1	1	0.999975	0.999975	0.998804	0.998804
6.35	1	1	0.999976	0.999976	0.998823	0.998823
6.36	1	1	0.999976	0.999976	0.998843	0.998843
6.37	1	1	0.999977	0.999977	0.998861	0.998862
6.38	1	1	0.999978	0.999978	0.99888	0.99888
6.39	1	1	0.999978	0.999978	0.998899	0.998899
6.4	1	1	0.999979	0.999979	0.998917	0.998917
6.41	1	1	0.99998	0.99998	0.998935	0.998935
6.42	1	1	0.99998	0.99998	0.998952	0.998952
6.43	1	1	0.999981	0.999981	0.998969	0.998969
6.44	1	1	0.999981	0.999981	0.998986	0.998986
6.45	1	1	0.999982	0.999982	0.999003	0.999003
6.46	1	1	0.999983	0.999983	0.99902	0.99902
6.47	1	1	0.999983	0.999983	0.999036	0.999036
6.48	1	1	0.999984	0.999984	0.999052	0.999052
6.49	1	1	0.999984	0.999984	0.999068	0.999068
6.5	1	1	0.999985	0.999985	0.999083	0.999083
6.51	1	1	0.999985	0.999985	0.999099	0.999099
6.52	1	1	0.999985	0.999985	0.999114	0.999114
6.53	1	1	0.999986	0.999986	0.999128	0.999128
6.54	1	1	0.999986	0.999986	0.999143	0.999143
6.55	1	1	0.999987	0.999987	0.999157	0.999157
6.56	1	1	0.999987	0.999987	0.999171	0.999171
6.57	1	1	0.999988	0.999988	0.999185	0.999185
6.58	1	1	0.999988	0.999988	0.999199	0.999199
6.59	1	1	0.999988	0.999988	0.999213	0.999213
6.6	1	1	0.999989	0.999989	0.999226	0.999226
6.61	1	1	0.999989	0.999989	0.999239	0.999239
6.62	1	1	0.999989	0.999989	0.999252	0.999252
6.63	1	1	0.99999	0.99999	0.999264	0.999264
6.64	1	1	0.99999	0.99999	0.999277	0.999277
6.65	1	1	0.99999	0.99999	0.999289	0.999289
6.66	1	1	0.999991	0.999991	0.999301	0.999301
6.67	1	1	0.999991	0.999991	0.999313	0.999313
6.68	1	1	0.999991	0.999991	0.999325	0.999325
6.69	1	1	0.999991	0.999991	0.999336	0.999336
6.7	1	1	0.999992	0.999992	0.999348	0.999348
6.71	1	1	0.999992	0.999992	0.999359	0.999359
6.72	1	1	0.999992	0.999992	0.99937	0.99937
6.73	1	1	0.999992	0.999992	0.99938	0.99938
6.74	1	1	0.999993	0.999993	0.999391	0.999391
6.75	1	1	0.999993	0.999993	0.999402	0.999402
6.76	1	1	0.999993	0.999993	0.999412	0.999412
6.77	1	1	0.999993	0.999993	0.999422	0.999422
6.78	1	1	0.999994	0.999994	0.999432	0.999432
6.79	1	1	0.999994	0.999994	0.999442	0.999442
6.8	1	1	0.999994	0.999994	0.999451	0.999451
6.81	1	1	0.999994	0.999994	0.999461	0.999461
6.82	1	1	0.999994	0.999994	0.99947	0.99947
6.83	1	1	0.999995	0.999995	0.999479	0.999479
6.84	1	1	0.999995	0.999995	0.999488	0.999488
6.85	1	1	0.999995	0.999995	0.999497	0.999497
6.86	1	1	0.999995	0.999995	0.999506	0.999506
6.87	1	1	0.999995	0.999995	0.999515	0.999515
6.88	1	1	0.999995	0.999995	0.999523	0.999523
6.89	1	1	0.999995	0.999995	0.999531	0.999531
6.9	1	1	0.999996	0.999996	0.99954	0.99954
6.91	1	1	0.999996	0.999996	0.999548	0.999548
6.92	1	1	0.999996	0.999996	0.999555	0.999556
6.93	1	1	0.999996	0.999996	0.999563	0.999563
6.94	1	1	0.999996	0.999996	0.999571	0.999571
6.95	1	1	0.999996	0.999996	0.999578	0.999579
6.96	1	1	0.999996	0.999996	0.999586	0.999586
6.97	1	1	0.999997	0.999997	0.999593	0.999593
6.98	1	1	0.999997	0.999997	0.9996	0.9996
6.99	1	1	0.999997	0.999997	0.999607	0.999607
7	1	1	0.999997	0.999997	0.999614	0.999614
7.01	1	1	0.999997	0.999997	0.999621	0.999621
7.02	1	1	0.999997	0.999997	0.999628	0.999628
7.03	1	1	0.999997	0.999997	0.999634	0.999635
7.04	1	1	0.999997	0.999997	0.999641	0.999641
7.05	1	1	0.999997	0.999997	0.999647	0.999647
7.06	1	1	0.999997	0.999997	0.999654	0.999654
7.07	1	1	0.999997	0.999997	0.99966	0.99966
7.08	1	1	0.999998	0.999998	0.999666	0.999666
7.09	1	1	0.999998	0.999998	0.999672	0.999672
7.1	1	1	0.999998	0.999998	0.999678	0.999678
7.11	1	1	0.999998	0.999998	0.999683	0.999684
7.12	1	1	0.999998	0.999998	0.999689	0.999689
7.13	1	1	0.999998	0.999998	0.999695	0.999695
7.14	1	1	0.999998	0.999998	0.9997	0.9997
7.15	1	1	0.999998	0.999998	0.999706	0.999706
7.16	1	1	0.999998	0.999998	0.999711	0.999711
7.17	1	1	0.999998	0.999998	0.999716	0.999716
7.18	1	1	0.999998	0.999998	0.999721	0.999721
7.19	1	1	0.999998	0.999998	0.999726	0.999726
7.2	1	1	0.999998	0.999998	0.999731	0.999731
7.21	1	1	0.999998	0.999998	0.999736	0.999736
7.22	1	1	0.999998	0.999998	0.999741	0.999741
7.23	1	1	0.999999	0.999999	0.999746	0.999746
7.24	1	1	0.999999	0.999999	0.99975	0.99975
7.25	1	1	0.999999	0.999999	0.999755	0.999755
7.26	1	1	0.999999	0.999999	0.999759	0.999759
7.27	1	1	0.999999	0.999999	0.999764	0.999764
7.28	1	1	0.999999	0.999999	0.999768	0.999768
7.29	1	1	0.999999	0.999999	0.999772	0.999772
7.3	1	1	0.999999	0.999999	0.999776	0.999776
7.31	1	1	0.999999	0.999999	0.99978	0.99978
7.32	1	1	0.999999	0.999999	0.999784	0.999785
7.33	1	1	0.999999	0.999999	0.999788	0.999788
7.34	1	1	0.999999	0.999999	0.999792	0.999792
7.35	1	1	0.999999	0.999999	0.999796	0.999796
7.36	1	1	0.999999	0.999999	0.9998	0.9998
7.37	1	1	0.999999	0.999999	0.999804	0.999804
7.38	1	1	0.999999	0.999999	0.999807	0.999807
7.39	1	1	0.999999	0.999999	0.999811	0.999811
7.4	1	1	0.999999	0.999999	0.999814	0.999814
7.41	1	1	0.999999	0.999999	0.999818	0.999818
7.42	1	1	0.999999	0.999999	0.999821	0.999821
7.43	1	1	0.999999	0.999999	0.999824	0.999824
7.44	1	1	0.999999	0.999999	0.999828	0.999828
7.45	1	1	0.999999	0.999999	0.999831	0.999831
7.46	1	1	0.999999	0.999999	0.999834	0.999834
7.47	1	1	0.999999	0.999999	0.999837	0.999837
7.48	1	1	0.999999	0.999999	0.99984	0.99984
7.49	1	1	0.999999	0.999999	0.999843	0.999843
7.5	1	1	0.999999	0.999999	0.999846	0.999846
7.51	1	1	0.999999	0.999999	0.999849	0.999849
7.52	1	1	0.999999	0.999999	0.999852	0.999852
7.53	1	1	0.999999	0.999999	0.999855	0.999855
7.54	1	1	1	1	0.999857	0.999857
7.55	1	1	1	1	0.99986	0.99986
7.56	1	1	1	1	0.999863	0.999863
7.57	1	1	1	1	0.999865	0.999865
7.58	1	1	1	1	0.999868	0.999868
7.59	1	1	1	1	0.99987	0.99987
7.6	1	1	1	1	0.999873	0.999873
7.61	1	1	1	1	0.999875	0.999875
7.62	1	1	1	1	0.999878	0.999878
7.63	1	1	1	1	0.99988	0.99988
7.64	1	1	1	1	0.999882	0.999882
7.65	1	1	1	1	0.999884	0.999884
7.66	1	1	1	1	0.999887	0.999887
7.67	1	1	1	1	0.999889	0.999889
7.68	1	1	1	1	0.999891	0.999891
7.69	1	1	1	1	0.999893	0.999893
7.7	1	1	1	1	0.999895	0.999895
7.71	1	1	1	1	0.999897	0.999897
7.72	1	1	1	1	0.999899	0.999899
7.73	1	1	1	1	0.999901	0.999901
7.74	1	1	1	1	0.999903	0.999903
7.75	1	1	1	1	0.999905	0.999905
7.76	1	1	1	1	0.999907	0.999907
7.77	1	1	1	1	0.999908	0.999908
7.78	1	1	1	1	0.99991	0.99991
7.79	1	1	1	1	0.999912	0.999912
7.8	1	1	1	1	0.999914	0.999914
7.81	1	1	1	1	0.999915	0.999915
7.82	1	1	1	1	0.999917	0.999917
7.83	1	1	1	1	0.999919	0.999919
7.84	1	1	1	1	0.99992	0.99992
7.85	1	1	1	1	0.999922	0.999922
7.86	1	1	1	1	0.999923	0.999923
7.87	1	1	1	1	0.999925	0.999925
7.88	1	1	1	1	0.999926	0.999926
7.89	1	1	1	1	0.999928	0.999928
7.9	1	1	1	1	0.999929	0.999929
7.91	1	1	1	1	0.99993	0.99993
7.92	1	1	1	1	0.999932	0.999932
7.93	1	1	1	1	0.999933	0.999933
7.94	1	1	1	1	0.999934	0.999934
7.95	1	1	1	1	0.999936	0.999936
7.96	1	1	1	1	0.999937	0.999937
7.97	1	1	1	1	0.999938	0.999938
7.98	1	1	1	1	0.999939	0.999939
7.99	1	1	1	1	0.999941	0.999941
8	1	1	1	1	0.999942	0.999942
8.01	1	1	1	1	0.999943	0.999943
8.02	1	1	1	1	0.999944	0.999944
8.03	1	1	1	1	0.999945	0.999945
8.04	1	1	1	1	0.999946	0.999946
8.05	1	1	1	1	0.999947	0.999947
8.06	1	1	1	1	0.999948	0.999948
8.07	1	1	1	1	0.999949	0.999949
8.08	1	1	1	1	0.99995	0.99995
8.09	1	1	1	1	0.999951	0.999951
8.1	1	1	1	1	0.999952	0.999952
8.11	1	1	1	1	0.999953	0.999953
8.12	1	1	1	1	0.999954	0.999954
8.13	1	1	1	1	0.999955	0.999955
8.14	1	1	1	1	0.999956	0.999956
8.15	1	1	1	1	0.999957	0.999957
8.16	1	1	1	1	0.999958	0.999958
8.17	1	1	1	1	0.999959	0.999959
8.18	1	1	1	1	0.99996	0.99996
8.19	1	1	1	1	0.99996	0.99996
8.2	1	1	1	1	0.999961	0.999961
8.21	1	1	1	1	0.999962	0.999962
8.22	1	1	1	1	0.999963	0.999963
8.23	1	1	1	1	0.999964	0.999964
8.24	1	1	1	1	0.999964	0.999964
8.25	1	1	1	1	0.999965	0.999965
8.26	1	1	1	1	0.999966	0.999966
8.27	1	1	1	1	0.999966	0.999966
8.28	1	1	1	1	0.999967	0.999967
8.29	1	1	1	1	0.999968	0.999968
8.3	1	1	1	1	0.999968	0.999968
8.31	1	1	1	1	0.999969	0.999969
8.32	1	1	1	1	0.99997	0.99997
8.33	1	1	1	1	0.99997	0.99997
8.34	1	1	1	1	0.999971	0.999971
8.35	1	1	1	1	0.999972	0.999972
8.36	1	1	1	1	0.999972	0.999972
8.37	1	1	1	1	0.999973	0.999973
8.38	1	1	1	1	0.999973	0.999973
8.39	1	1	1	1	0.999974	0.999974
8.4	1	1	1	1	0.999974	0.999974
8.41	1	1	1	1	0.999975	0.999975
8.42	1	1	1	1	0.999975	0.999975
8.43	1	1	1	1	0.999976	0.999976
8.44	1	1	1	1	0.999976	0.999976
8.45	1	1	1	1	0.999977	0.999977
8.46	1	1	1	1	0.999977	0.999977
8.47	1	1	1	1	0.999978	0.999978
8.48	1	1	1	1	0.999978	0.999978
8.49	1	1	1	1	0.999979	0.999979
8.5	1	1	1	1	0.999979	0.999979
8.51	1	1	1	1	0.99998	0.99998
8.52	1	1	1	1	0.99998	0.99998
8.53	1	1	1	1	0.99998	0.99998
8.54	1	1	1	1	0.999981	0.999981
8.55	1	1	1	1	0.999981	0.999981
8.56	1	1	1	1	0.999982	0.999982
8.57	1	1	1	1	0.999982	0.999982
8.58	1	1	1	1	0.999982	0.999982
8.59	1	1	1	1	0.999983	0.999983
8.6	1	1	1	1	0.999983	0.999983
8.61	1	1	1	1	0.999984	0.999984
8.62	1	1	1	1	0.999984	0.999984
8.63	1	1	1	1	0.999984	0.999984
8.64	1	1	1	1	0.999985	0.999985
8.65	1	1	1	1	0.999985	0.999985
8.66	1	1	1	1	0.999985	0.999985
8.67	1	1	1	1	0.999986	0.999986
8.68	1	1	1	1	0.999986	0.999986
8.69	1	1	1	1	0.999986	0.999986
8.7	1	1	1	1	0.999986	0.999986
8.71	1	1	1	1	0.999987	0.999987
8.72	1	1	1	1	0.999987	0.999987
8.73	1	1	1	1	0.999987	0.999987
8.74	1	1	1	1	0.999988	0.999988
8.75	1	1	1	1	0.999988	0.999988
8.76	1	1	1	1	0.999988	0.999988
8.77	1	1	1	1	0.999988	0.999988
8.78	1	1	1	1	0.999989	0.999989
8.79	1	1	1	1	0.999989	0.999989
8.8	1	1	1	1	0.999989	0.999989
8.81	1	1	1	1	0.999989	0.999989
8.82	1	1	1	1	0.99999	0.99999
8.83	1	1	1	1	0.99999	0.99999
8.84	1	1	1	1	0.99999	0.99999
8.85	1	1	1	1	0.99999	0.99999
8.86	1	1	1	1	0.99999	0.99999
8.87	1	1	1	1	0.999991	0.999991
8.88	1	1	1	1	0.999991	0.999991
8.89	1	1	1	1	0.999991	0.999991
8.9	1	1	1	1	0.999991	0.999991
8.91	1	1	1	1	0.999991	0.999991
8.92	1	1	1	1	0.999992	0.999992
8.93	1	1	1	1	0.999992	0.999992
8.94	1	1	1	1	0.999992	0.999992
8.95	1	1	1	1	0.999992	0.999992
8.96	1	1	1	1	0.999992	0.999992
8.97	1	1	1	1	0.999992	0.999992
8.98	1	1	1	1	0.999993	0.999993
8.99	1	1	1	1	0.999993	0.999993
9	1	1	1	1	0.999993	0.999993
9.01	1	1	1	1	0.999993	0.999993
9.02	1	1	1	1	0.999993	0.999993
9.03	1	1	1	1	0.999993	0.999993
9.04	1	1	1	1	0.999994	0.999994
9.05	1	1	1	1	0.999994	0.999994
9.06	1	1	1	1	0.999994	0.999994
9.07	1	1	1	1	0.999994	0.999994
9.08	1	1	1	1	0.999994	0.999994
9.09	1	1	1	1	0.999994	0.999994
9.1	1	1	1	1	0.999994	0.999994
9.11	1	1	1	1	0.999994	0.999994
9.12	1	1	1	1	0.999995	0.999995
9.13	1	1	1	1	0.999995	0.999995
9.14	1	1	1	1	0.999995	0.999995
9.15	1	1	1	1	0.999995	0.999995
9.16	1	1	1	1	0.999995	0.999995
9.17	1	1	1	1	0.999995	0.999995
9.18	1	1	1	1	0.999995	0.999995
9.19	1	1	1	1	0.999995	0.999995
9.2	1	1	1	1	0.999996	0.999996
9.21	1	1	1	1	0.999996	0.999996
9.22	1	1	1	1	0.999996	0.999996
9.23	1	1	1	1	0.999996	0.999996
9.24	1	1	1	1	0.999996	0.999996
9.25	1	1	1	1	0.999996	0.999996
9.26	1	1	1	1	0.999996	0.999996
9.27	1	1	1	1	0.999996	0.999996
9.28	1	1	1	1	0.999996	0.999996
9.29	1	1	1	1	0.999996	0.999996
9.3	1	1	1	1	0.999996	0.999996
9.31	1	1	1	1	0.999997	0.999997
9.32	1	1	1	1	0.999997	0.999997
9.33	1	1	1	1	0.999997	0.999997
9.34	1	1	1	1	0.999997	0.999997
9.35	1	1	1	1	0.999997	0.999997
9.36	1	1	1	1	0.999997	0.999997
9.37	1	1	1	1	0.999997	0.999997
9.38	1	1	1	1	0.999997	0.999997
9.39	1	1	1	1	0.999997	0.999997
9.4	1	1	1	1	0.999997	0.999997
9.41	1	1	1	1	0.999997	0.999997
9.42	1	1	1	1	0.999997	0.999997
9.43	1	1	1	1	0.999997	0.999997
9.44	1	1	1	1	0.999997	0.999997
9.45	1	1	1	1	0.999997	0.999997
9.46	1	1	1	1	0.999998	0.999998
9.47	1	1	1	1	0.999998	0.999998
9.48	1	1	1	1	0.999998	0.999998
9.49	1	1	1	1	0.999998	0.999998
9.5	1	1	1	1	0.999998	0.999998
9.51	1	1	1	1	0.999998	0.999998
9.52	1	1	1	1	0.999998	0.999998
9.53	1	1	1	1	0.999998	0.999998
9.54	1	1	1	1	0.999998	0.999998
9.55	1	1	1	1	0.999998	0.999998
9.56	1	1	1	1	0.999998	0.999998
9.57	1	1	1	1	0.999998	0.999998
9.58	1	1	1	1	0.999998	0.999998
9.59	1	1	1	1	0.999998	0.999998
9.6	1	1	1	1	0.999998	0.999998
9.61	1	1	1	1	0.999998	0.999998
9.62	1	1	1	1	0.999998	0.999998
9.63	1	1	1	1	0.999998	0.999998
9.64	1	1	1	1	0.999998	0.999998
9.65	1	1	1	1	0.999998	0.999998
9.66	1	1	1	1	0.999998	0.999998
9.67	1	1	1	1	0.999998	0.999998
9.68	1	1	1	1	0.999999	0.999999
9.69	1	1	1	1	0.999999	0.999999
9.7	1	1	1	1	0.999999	0.999999
9.71	1	1	1	1	0.999999	0.999999
9.72	1	1	1	1	0.999999	0.999999
9.73	1	1	1	1	0.999999	0.999999
9.74	1	1	1	1	0.999999	0.999999
9.75	1	1	1	1	0.999999	0.999999
9.76	1	1	1	1	0.999999	0.999999
9.77	1	1	1	1	0.999999	0.999999
9.78	1	1	1	1	0.999999	0.999999
9.79	1	1	1	1	0.999999	0.999999
9.8	1	1	1	1	0.999999	0.999999
9.81	1	1	1	1	0.999999	0.999999
9.82	1	1	1	1	0.999999	0.999999
9.83	1	1	1	1	0.999999	0.999999
9.84	1	1	1	1	0.999999	0.999999
9.85	1	1	1	1	0.999999	0.999999
9.86	1	1	1	1	0.999999	0.999999
9.87	1	1	1	1	0.999999	0.999999
9.88	1	1	1	1	0.999999	0.999999
9.89	1	1	1	1	0.999999	0.999999
9.9	1	1	1	1	0.999999	0.999999
9.91	1	1	1	1	0.999999	0.999999
9.92	1	1	1	1	0.999999	0.999999
9.93	1	1	1	1	0.999999	0.999999
9.94	1	1	1	1	0.999999	0.999999
9.95	1	1	1	1	0.999999	0.999999
9.96	1	1	1	1	0.999999	0.999999
9.97	1	1	1	1	0.999999	0.999999
9.98	1	1	1	1	0.999999	0.999999
9.99	1	1	1	1	0.999999	0.999999
10	1	1	1	1	0.999999	0.999999
10.01	1	1	1	1	0.999999	0.999999
10.02	1	1	1	1	0.999999	0.999999
10.03	1	1	1	1	0.999999	0.999999
10.04	1	1	1	1	0.999999	0.999999
10.05	1	1	1	1	0.999999	0.999999
10.06	1	1	1	1	0.999999	0.999999
10.07	1	1	1	1	0.999999	0.999999
10.08	1	1	1	1	0.999999	0.999999
10.09	1	1	1	1	0.999999	0.999999
10.1	1	1	1	1	0.999999	0.999999
10.11	1	1	1	1	0.999999	0.999999
10.12	1	1	1	1	0.999999	0.999999
10.13	1	1	1	1	1	1
10.14	1	1	1	1	1	1
10.15	1	1	1	1	1	1
10.16	1	1	1	1	1	1
10.17	1	1	1	1	1	1
10.18	1	1	1	1	1	1
10.19	1	1	1	1	1	1
10.2	1	1	1	1	1	1
10.21	1	1	1	1	1	1
10.22	1	1	1	1	1	1
10.23	1	1	1	1	1	1
10.24	1	1	1	1	1	1
10.25	1	1	1	1	1	1
10.26	1	1	1	1	1	1
10.27	1	1	1	1	1	1
10.28	1	1	1	1	1	1
10.29	1	1	1	1	1	1
10.3	1	1	1	1	1	1
10.31	1	1	1	1	1	1
10.32	1	1	1	1	1	1
10.33	1	1	1	1	1	1
10.34	1	1	1	1	1	1
10.35	1	1	1	1	1	1
10.36	1	1	1	1	1	1
10.37	1	1	1	1	1	1
10.38	1	1	1	1	1	1
10.39	1	1	1	1	1	1
10.4	1	1	1	1	1	1
10.41	1	1	1	1	1	1
10.42	1	1	1	1	1	1
10.43	1	1	1	1	1	1
10.44	1	1	1	1	1	1
10.45	1	1	1	1	1	1
10.46	1	1	1	1	1	1
10.47	1	1	1	1	1	1
10.48	1	1	1	1	1	1
10.49	1	1	1	1	1	1
10.5	1	1	1	1	1	1
10.51	1	1	1	1	1	1
10.52	1	1	1	1	1	1
10.53	1	1	1	1	1	1
10.54	1	1	1	1	1	1
10.55	1	1	1	1	1	1
10.56	1	1	1	1	1	1
10.57	1	1	1	1	1	1
10.58	1	1	1	1	1	1
10.59	1	1	1	1	1	1
10.6	1	1	1	1	1	1
10.61	1	1	1	1	1	1
10.62	1	1	1	1	1	1
10.63	1	1	1	1	1	1
10.64	1	1	1	1	1	1
10.65	1	1	1	1	1	1
10.66	1	1	1	1	1	1
10.67	1	1	1	1	1	1
10.68	1	1	1	1	1	1
10.69	1	1	1	1	1	1
10.7	1	1	1	1	1	1
10.71	1	1	1	1	1	1
10.72	1	1	1	1	1	1
10.73	1	1	1	1	1	1
10.74	1	1	1	1	1	1
10.75	1	1	1	1	1	1
10.76	1	1	1	1	1	1
10.77	1	1	1	1	1	1
10.78	1	1	1	1	1	1
10.79	1	1	1	1	1	1
10.8	1	1	1	1	1	1
10.81	1	1	1	1	1	1
10.82	1	1	1	1	1	1
10.83	1	1	1	1	1	1
10.84	1	1	1	1	1	1
10.85	1	1	1	1	1	1
10.86	1	1	1	1	1	1
10.87	1	1	1	1	1	1
10.88	1	1	1	1	1	1
10.89	1	1	1	1	1	1
10.9	1	1	1	1	1	1
10.91	1	1	1	1	1	1
10.92	1	1	1	1	1	1
10.93	1	1	1	1	1	1
10.94	1	1	1	1	1	1
10.95	1	1	1	1	1	1
10.96	1	1	1	1	1	1
10.97	1	1	1	1	1	1
10.98	1	1	1	1	1	1
10.99	1	1	1	1	1	1
