#step	0 forward (2)	0 forward (3)	pi/4 central (2)	pi/4 forward (2)	pi/4 backward (2)	pi/4 forward (3)	pi/4 backward (3)	pi/2 backward (2)	pi/2 backward (3)
                  -1	  -2.778368400209113	  -2.478642344218184	  -2.928883398041019	  -1.437661825137362	   -1.46663518625177	  -2.663080311739449	  -2.597693211330917	  -1.301391937896357	  -3.602783875792835	
  -1.301029995663981	  -3.380265528683445	  -3.079561319824174	  -3.530780526515301	  -1.745486291083849	  -1.759965321269011	  -3.246683339012945	  -3.214081013789702	  -1.602150471230073	  -4.505330938152921	
  -1.602059991327962	  -3.982284804752267	  -3.681336243423762	  -4.132799802597444	  -2.050023405400309	   -2.05726196513454	   -3.84007252251804	  -3.823782703474835	  -1.903112606614077	  -5.408285204832748	
  -1.903089986991944	  -4.584334617293155	   -4.28332497944282	  -4.734849615030567	  -2.352834825121445	  -2.356453985598984	  -4.437930811388092	  -4.429787317630622	  -2.204125637539645	  -6.311341275948588	
  -2.204119982655925	  -5.186392063924711	  -4.885367157668455	    -5.3369070613407	  -2.654762549693633	  -2.656572115010844	  -5.037922713639074	  -5.033851140675466	  -2.505151392038403	   -7.21442269983158	
  -2.505149978319906	  -5.788451419073495	  -5.487422695768802	  -5.938966418809125	  -2.956243170463533	  -2.957147951251973	  -5.638956773281414	  -5.636921000840704	  -2.806180327410305	  -8.117510667523991	
  -2.806179973983887	  -6.390511251467899	  -6.089481573730341	  -6.541026247626875	  -3.257498919613472	  -3.257951309778098	  -6.240505915292427	  -6.239487781761289	  -3.107210057997366	  -9.020592589611015	
  -3.107209969647868	  -6.992571203336504	  -6.691541286828234	  -7.143085749790667	  -3.558641902231848	   -3.55886809751906	  -6.842311635565173	  -6.841801550117948	  -3.408239987342799	  -9.923100737255915	
   -3.40823996531185	  -7.594631183762782	  -7.293601210850142	  -7.745145929477772	  -3.859728418607532	  -3.859841516195717	  -7.444248568314784	  -7.443986017586132	  -3.709269966259333	  -10.83034826058143	
  -3.709269960975831	   -8.19669117698669	   -7.89566117373893	  -8.347242712063103	  -4.160786683387171	  -4.160843227390055	  -8.046228371258826	  -8.046063645408456	  -4.010299958763542	  -11.94431320551465	
  -4.010299956639812	  -8.798751183482212	  -8.497721187818231	  -8.949271395364471	  -4.461830806192829	   -4.46185908023196	  -8.648633669156892	  -8.647864872022314	   -4.31132995189987	  -16.21301914394243	
  -4.311329952303793	  -9.400811083804824	  -9.099781209481316	  -9.551425821738322	  -4.762867835981147	   -4.76288196992586	  -9.253292375301143	  -9.248016463858878	  -4.612359957676102	  -16.21301914394243	
  -4.612359947967774	  -10.00287107513279	  -9.701841079468805	  -10.14429473442532	  -5.063901175111959	  -5.063908393236262	  -9.883950960291816	  -9.847710057747342	  -4.913389872447527	  -16.21301914394243	
  -4.913389943631755	  -10.60493155182285	  -10.30390155615886	  -10.89916174246702	   -5.36493305294336	  -5.364935591500169	  -10.48331713329506	   -10.2207932551591	  -5.214419706326441	  -16.21301914394243	
  -5.214419939295737	  -11.20699154315081	  -10.90596154748683	  -11.45362641955294	    -5.6659617793345	  -5.665963195618585	  -10.66336970662558	  -10.37720483372988	  -5.515450349144123	  -16.21301914394243	
  -5.515449934959718	  -11.80905153447877	  -11.50802153881479	  -10.89916174246702	   -5.96698557569859	  -5.966995729840235	  -10.30986273167534	  -11.25365253115856	  -5.816480344816818	  -16.21301914394243	
  -5.816479930623699	   -12.4111425901093	  -12.10998835056466	  -11.25365253115856	  -6.268003173028258	  -6.267994195423944	  -10.17273893302933	  -9.820748557592905	  -6.117499986224455	  -16.21301914394243	
   -6.11750992628768	   -13.0130783375566	  -12.71204834189262	  -10.10603919959824	  -6.568979090581353	  -6.568726958490209	  -9.854049331975297	  -9.230879096861011	  -6.418612823026446	  -16.21301914394243	
  -6.418539921951662	  -13.61414565535089	  -13.31510328092242	  -11.25365253115856	  -6.869549801496542	   -6.86951393461291	  -9.365541734754681	  -11.25365253115856	  -6.719808548387059	  -16.21301914394243	
  -6.719569917615643	  -14.21422708069676	  -13.92116601470405	  -9.544451714982223	   -7.16686955261418	  -7.170525997945811	  -8.838747264137705	  -11.25365253115856	  -7.020176004806237	  -16.21301914394243	
  -7.020599913279624	  -14.80846173451276	  -14.50743173884878	  -9.239200468435614	  -7.456937950369832	  -7.471520131168794	  -8.634001248436865	  -11.25365253115856	  -7.321206000748793	  -16.21301914394243	
  -7.321629908943605	  -15.35252977886304	  -15.17643851980736	  -11.25365253115856	  -7.729999911174498	   -7.72973987626055	  -8.457562582785901	  -8.331410106915785	  -7.632959862389553	  -16.21301914394243	
  -7.622659904607587	    -15.954589770191	  -15.65355977452702	  -8.631920965209872	  -8.031159982704979	  -7.854635288849664	  -8.634001248436865	  -7.854635288849664	  -7.854808612767346	  -16.21301914394243	
  -7.923689900271567	                -inf	  -15.65355977452702	  -8.332450247037695	  -7.854982002076317	  -8.331410106915785	  -7.633063887667583	  -8.332450247037695	  -8.030899872774823	  -16.21301914394243	
  -8.224719895935548	                -inf	                -inf	  -8.331410106915785	  -8.332450247037695	  -7.854635288849664	  -8.332450247037695	  -7.486757536235917	  -16.21301914394243	  -16.21301914394243	
   -8.52574989159953	                -inf	                -inf	  -7.854635288849664	  -8.332450247037695	  -7.486757536235917	  -7.633063887667583	  -6.970179418423476	  -16.21301914394243	  -16.21301914394243	
  -8.826779887263511	                -inf	                -inf	  -8.332450247037695	  -7.377745145523499	  -7.486757536235917	  -6.934010660202119	  -6.970179418423476	  -16.21301914394243	  -16.21301914394243	
  -9.127809882927492	                -inf	                -inf	  -7.486757536235917	  -7.377745145523499	  -6.970179418423476	  -6.934010660202119	  -6.392404635192004	  -16.21301914394243	  -16.21301914394243	
  -9.428839878591473	                -inf	                -inf	  -7.377745145523499	  -6.719158693678498	  -6.970179418423476	  -6.310745519587555	  -6.392404635192004	  -16.21301914394243	  -16.21301914394243	
  -9.729869874255455	                -inf	                -inf	  -6.970179418423476	  -6.719158693678498	  -6.392404635192004	  -6.310745519587555	  -5.999488986745188	  -16.21301914394243	  -16.21301914394243	
  -10.03089986991944	                -inf	                -inf	  -6.392404635192004	  -6.719158693678498	  -5.999488986745188	  -6.104046238316814	  -5.658907854273733	  -16.21301914394243	  -16.21301914394243	
  -10.33192986558342	                -inf	                -inf	  -5.859175167346544	  -5.589205674731478	  -6.719158693678498	  -5.211027441663098	  -6.719158693678498	  -16.21301914394243	  -16.21301914394243	
   -10.6329598612474	                -inf	                -inf	  -5.589205674731478	  -5.304580746137398	  -6.719158693678498	  -5.011991674559528	  -5.339375818687705	  -16.21301914394243	  -16.21301914394243	
  -10.93398985691138	                -inf	                -inf	  -6.719158693678498	  -5.304580746137398	  -5.339375818687705	  -5.011991674559528	  -4.626151550358728	  -16.21301914394243	  -16.21301914394243	
  -11.23501985257536	                -inf	                -inf	  -5.339375818687705	  -4.838750911964799	  -4.626151550358728	  -4.474054912201602	  -4.209026177221652	  -16.21301914394243	  -16.21301914394243	
  -11.53604984823934	                -inf	                -inf	  -4.838750911964799	  -4.278659344905563	  -4.626151550358728	  -3.959146719924462	  -4.209026177221652	  -16.21301914394243	  -16.21301914394243	
  -11.83707984390332	                -inf	                -inf	  -4.838750911964799	  -4.041962100571035	  -4.209026177221652	  -3.777065341791779	  -3.859831919676724	  -16.21301914394243	  -16.21301914394243	
   -12.1381098395673	                -inf	                -inf	  -4.209026177221652	  -4.838750911964799	  -3.859831919676724	  -4.838750911964799	  -3.536585220571914	  -16.21301914394243	  -16.21301914394243	
  -12.43913983523129	                -inf	                -inf	  -3.859831919676724	  -4.838750911964799	  -3.536585220571914	  -3.777065341791779	  -3.045260115765344	  -16.21301914394243	  -16.21301914394243	
  -12.74016983089527	                -inf	                -inf	   -3.49529565784491	  -3.031506136293038	  -3.536585220571914	  -2.667414813929853	  -3.045260115765344	  -16.21301914394243	  -16.21301914394243	
  -13.04119982655925	                -inf	                -inf	  -3.536585220571914	   -3.49529565784491	  -3.045260115765344	   -3.49529565784491	  -3.045260115765344	  -16.21301914394243	  -16.21301914394243	
  -13.34222982222323	                -inf	                -inf	  -2.673308974408302	  -3.045260115765344	  -2.475936696586947	  -3.045260115765344	  -2.237783443215531	  -16.21301914394243	  -16.21301914394243	
  -13.64325981788721	                -inf	                -inf	  -2.475936696586947	  -3.045260115765344	  -2.237783443215531	   -2.81237355640067	  -1.808284442349475	  -16.21301914394243	  -16.21301914394243	
  -13.94428981355119	                -inf	                -inf	  -3.045260115765344	  -2.399922609724485	  -2.237783443215531	  -1.861779235297928	  -1.808284442349475	  -16.21301914394243	  -16.21301914394243	
  -14.24531980921517	                -inf	                -inf	  -2.237783443215531	  -2.399922609724485	  -1.808284442349475	  -1.861779235297928	  -1.454931516402987	  -16.21301914394243	  -16.21301914394243	
  -14.54634980487915	                -inf	                -inf	  -1.808284442349475	  -2.399922609724485	  -1.454931516402987	  -1.628691380116497	  -1.129928563672302	  -16.21301914394243	  -16.21301914394243	
  -14.84737980054313	                -inf	                -inf	  -1.454931516402987	  -2.399922609724485	  -1.129928563672302	  -1.366084540240651	 -0.6375303076934378	  -16.21301914394243	  -16.21301914394243	
  -15.14840979620712	                -inf	                -inf	  -2.399922609724485	  -1.085620973084211	  -1.129928563672302	  -0.622772487999556	 -0.6375303076934378	  -16.21301914394243	  -16.21301914394243	
   -15.4494397918711	                -inf	                -inf	  -1.085620973084211	 -0.4038354558131902	 -0.6375303076934378	-0.06380969550136961	  -0.265285583008699	  -16.21301914394243	  -16.21301914394243	
  -15.75046978753508	                -inf	                -inf	 -0.6375303076934378	  -1.085620973084211	  -0.265285583008699	  -1.085620973084211	  0.2535544246090052	  -16.21301914394243	  -16.21301914394243	
  -16.05149978319906	                -inf	                -inf	  -1.085620973084211	 -0.1505149978319906	  -0.265285583008699	  0.2916145217310481	  0.2535544246090052	  -16.21301914394243	  -16.21301914394243	
  -16.35252977886304	                -inf	                -inf	 -0.1505149978319906	 -0.1505149978319906	 -0.1505149978319906	  0.2916145217310481	 -0.1505149978319906	  -16.21301914394243	  -16.21301914394243	
  -16.65355977452702	                -inf	                -inf	 -0.1505149978319906	 -0.1505149978319906	 -0.1505149978319906	  0.5061134200806253	 -0.1505149978319906	  -16.21301914394243	  -16.21301914394243	
    -16.954589770191	                -inf	                -inf	 -0.1505149978319906	 -0.1505149978319906	 -0.1505149978319906	  0.7564159983674701	 -0.1505149978319906	  -16.21301914394243	  -16.21301914394243	
  -17.25561976585498	                -inf	                -inf	 -0.1505149978319906	 -0.1505149978319906	 -0.1505149978319906	    1.02967213388377	 -0.1505149978319906	  -16.21301914394243	  -16.21301914394243	
  -17.55664976151897	                -inf	                -inf	 -0.1505149978319906	 -0.1505149978319906	 -0.1505149978319906	   1.316119423048841	 -0.1505149978319906	  -16.21301914394243	  -16.21301914394243	
  -17.85767975718295	                -inf	                -inf	 -0.1505149978319906	 -0.1505149978319906	 -0.1505149978319906	   1.609670236409929	 -0.1505149978319906	  -16.21301914394243	  -16.21301914394243	
  -18.15870975284693	                -inf	                -inf	 -0.1505149978319906	 -0.1505149978319906	 -0.1505149978319906	   1.906911778835567	 -0.1505149978319906	  -16.21301914394243	  -16.21301914394243	
  -18.45973974851091	                -inf	                -inf	 -0.1505149978319906	 -0.1505149978319906	 -0.1505149978319906	   2.206035082535643	 -0.1505149978319906	  -16.21301914394243	  -16.21301914394243	
  -18.76076974417489	                -inf	                -inf	 -0.1505149978319906	 -0.1505149978319906	 -0.1505149978319906	   2.506108583881218	 -0.1505149978319906	  -16.21301914394243	  -16.21301914394243	
  -19.06179973983887	                -inf	                -inf	 -0.1505149978319906	 -0.1505149978319906	 -0.1505149978319906	   2.806659541252257	 -0.1505149978319906	  -16.21301914394243	  -16.21301914394243	
  -19.36282973550285	                -inf	                -inf	 -0.1505149978319906	 -0.1505149978319906	 -0.1505149978319906	   3.107449819476986	 -0.1505149978319906	  -16.21301914394243	  -16.21301914394243	
  -19.66385973116683	                -inf	                -inf	 -0.1505149978319906	 -0.1505149978319906	 -0.1505149978319906	    3.40835990678428	 -0.1505149978319906	  -16.21301914394243	  -16.21301914394243	
  -19.96488972683082	                -inf	                -inf	 -0.1505149978319906	 -0.1505149978319906	 -0.1505149978319906	   3.709329935852657	 -0.1505149978319906	  -16.21301914394243	  -16.21301914394243	
   -20.2659197224948	                -inf	                -inf	 -0.1505149978319906	 -0.1505149978319906	 -0.1505149978319906	   4.010329945113521	 -0.1505149978319906	  -16.21301914394243	  -16.21301914394243	
  -20.56694971815878	                -inf	                -inf	 -0.1505149978319906	 -0.1505149978319906	 -0.1505149978319906	    4.31134494679949	 -0.1505149978319906	  -16.21301914394243	  -16.21301914394243	
  -20.86797971382276	                -inf	                -inf	 -0.1505149978319906	 -0.1505149978319906	 -0.1505149978319906	   4.612367445280335	 -0.1505149978319906	  -16.21301914394243	  -16.21301914394243	
  -21.16900970948674	                -inf	                -inf	 -0.1505149978319906	 -0.1505149978319906	 -0.1505149978319906	   4.913393692304214	 -0.1505149978319906	  -16.21301914394243	  -16.21301914394243	
  -21.47003970515072	                -inf	                -inf	 -0.1505149978319906	 -0.1505149978319906	 -0.1505149978319906	   5.214421813636011	 -0.1505149978319906	  -16.21301914394243	  -16.21301914394243	
   -21.7710697008147	                -inf	                -inf	 -0.1505149978319906	 -0.1505149978319906	 -0.1505149978319906	   5.515450872130866	 -0.1505149978319906	  -16.21301914394243	  -16.21301914394243	
  -22.07209969647868	                -inf	                -inf	 -0.1505149978319906	 -0.1505149978319906	 -0.1505149978319906	   5.816480399209526	 -0.1505149978319906	  -16.21301914394243	  -16.21301914394243	
  -22.37312969214267	                -inf	                -inf	 -0.1505149978319906	 -0.1505149978319906	 -0.1505149978319906	   6.117510160580657	 -0.1505149978319906	  -16.21301914394243	  -16.21301914394243	
  -22.67415968780665	                -inf	                -inf	 -0.1505149978319906	 -0.1505149978319906	 -0.1505149978319906	   6.418540039098166	 -0.1505149978319906	  -16.21301914394243	  -16.21301914394243	
  -22.97518968347063	                -inf	                -inf	 -0.1505149978319906	 -0.1505149978319906	 -0.1505149978319906	   6.719569976188899	 -0.1505149978319906	  -16.21301914394243	  -16.21301914394243	
  -23.27621967913461	                -inf	                -inf	 -0.1505149978319906	 -0.1505149978319906	 -0.1505149978319906	   7.020599942566252	 -0.1505149978319906	  -16.21301914394243	  -16.21301914394243	
  -23.57724967479859	                -inf	                -inf	 -0.1505149978319906	 -0.1505149978319906	 -0.1505149978319906	    7.32162992358692	 -0.1505149978319906	  -16.21301914394243	  -16.21301914394243	
  -23.87827967046257	                -inf	                -inf	 -0.1505149978319906	 -0.1505149978319906	 -0.1505149978319906	   7.622659911929244	 -0.1505149978319906	  -16.21301914394243	  -16.21301914394243	
  -24.17930966612655	                -inf	                -inf	 -0.1505149978319906	 -0.1505149978319906	 -0.1505149978319906	   7.923689903932396	 -0.1505149978319906	  -16.21301914394243	  -16.21301914394243	
  -24.48033966179053	                -inf	                -inf	 -0.1505149978319906	 -0.1505149978319906	 -0.1505149978319906	   8.224719897765963	 -0.1505149978319906	  -16.21301914394243	  -16.21301914394243	
  -24.78136965745452	                -inf	                -inf	 -0.1505149978319906	 -0.1505149978319906	 -0.1505149978319906	   8.525749892514737	 -0.1505149978319906	  -16.21301914394243	  -16.21301914394243	
   -25.0823996531185	                -inf	                -inf	 -0.1505149978319906	 -0.1505149978319906	 -0.1505149978319906	   8.826779887721115	 -0.1505149978319906	  -16.21301914394243	  -16.21301914394243	
  -25.38342964878248	                -inf	                -inf	 -0.1505149978319906	 -0.1505149978319906	 -0.1505149978319906	   9.127809883156294	 -0.1505149978319906	  -16.21301914394243	  -16.21301914394243	
  -25.68445964444646	                -inf	                -inf	 -0.1505149978319906	 -0.1505149978319906	 -0.1505149978319906	   9.428839878705874	 -0.1505149978319906	  -16.21301914394243	  -16.21301914394243	
  -25.98548964011044	                -inf	                -inf	 -0.1505149978319906	 -0.1505149978319906	 -0.1505149978319906	   9.729869874312655	 -0.1505149978319906	  -16.21301914394243	  -16.21301914394243	
  -26.28651963577442	                -inf	                -inf	 -0.1505149978319906	 -0.1505149978319906	 -0.1505149978319906	   10.03089986994804	 -0.1505149978319906	  -16.21301914394243	  -16.21301914394243	
   -26.5875496314384	                -inf	                -inf	 -0.1505149978319906	 -0.1505149978319906	 -0.1505149978319906	   10.33192986559772	 -0.1505149978319906	  -16.21301914394243	  -16.21301914394243	
  -26.88857962710238	                -inf	                -inf	 -0.1505149978319906	 -0.1505149978319906	 -0.1505149978319906	   10.63295986125455	 -0.1505149978319906	  -16.21301914394243	  -16.21301914394243	
  -27.18960962276637	                -inf	                -inf	 -0.1505149978319906	 -0.1505149978319906	 -0.1505149978319906	   10.93398985691495	 -0.1505149978319906	  -16.21301914394243	  -16.21301914394243	
  -27.49063961843035	                -inf	                -inf	 -0.1505149978319906	 -0.1505149978319906	 -0.1505149978319906	   11.23501985257715	 -0.1505149978319906	  -16.21301914394243	  -16.21301914394243	
  -27.79166961409433	                -inf	                -inf	 -0.1505149978319906	 -0.1505149978319906	 -0.1505149978319906	   11.53604984824024	 -0.1505149978319906	  -16.21301914394243	  -16.21301914394243	
  -28.09269960975831	                -inf	                -inf	 -0.1505149978319906	 -0.1505149978319906	 -0.1505149978319906	   11.83707984390377	 -0.1505149978319906	  -16.21301914394243	  -16.21301914394243	
  -28.39372960542229	                -inf	                -inf	 -0.1505149978319906	 -0.1505149978319906	 -0.1505149978319906	   12.13810983956753	 -0.1505149978319906	  -16.21301914394243	  -16.21301914394243	
  -28.69475960108627	                -inf	                -inf	 -0.1505149978319906	 -0.1505149978319906	 -0.1505149978319906	    12.4391398352314	 -0.1505149978319906	  -16.21301914394243	  -16.21301914394243	
  -28.99578959675025	                -inf	                -inf	 -0.1505149978319906	 -0.1505149978319906	 -0.1505149978319906	   12.74016983089532	 -0.1505149978319906	  -16.21301914394243	  -16.21301914394243	
  -29.29681959241423	                -inf	                -inf	 -0.1505149978319906	 -0.1505149978319906	 -0.1505149978319906	   13.04119982655928	 -0.1505149978319906	  -16.21301914394243	  -16.21301914394243	
  -29.59784958807821	                -inf	                -inf	 -0.1505149978319906	 -0.1505149978319906	 -0.1505149978319906	   13.34222982222324	 -0.1505149978319906	  -16.21301914394243	  -16.21301914394243	
  -29.89887958374219	                -inf	                -inf	 -0.1505149978319906	 -0.1505149978319906	 -0.1505149978319906	   13.64325981788722	 -0.1505149978319906	  -16.21301914394243	  -16.21301914394243	
  -30.19990957940617	                -inf	                -inf	 -0.1505149978319906	 -0.1505149978319906	 -0.1505149978319906	    13.9442898135512	 -0.1505149978319906	  -16.21301914394243	  -16.21301914394243	
  -30.50093957507016	                -inf	                -inf	 -0.1505149978319906	 -0.1505149978319906	 -0.1505149978319906	   14.24531980921518	 -0.1505149978319906	  -16.21301914394243	  -16.21301914394243	
  -30.80196957073414	                -inf	                -inf	 -0.1505149978319906	 -0.1505149978319906	 -0.1505149978319906	   14.54634980487915	 -0.1505149978319906	  -16.21301914394243	  -16.21301914394243	
