0
0
0
0
0
0
0
0
0
0
0
0
0
0
0
0
0
0
0
0
0
0
0
0
0
0
0
0
0
0
0
0
0
0
0
0
0
0
0
0
0
0
0
0
0
0
0
0
0
0
0
0
0
0
0
0
0
0
0
0
0
0
0
0
0
0
0
0
0
0
0
0
0
0
0
0
0
0
0
0
0
0
0
0
0
0
0
0
0
0
0
0
0
0
0
0
0
0
0
0
0
0
0
0
0
0
0
0
0
0
0
0
0
0
0
0
0
0
0
0
0
0
0
0
0
0
0
0
0
0
0
0
0
0
0
0
0
0
0
0
0
0
0
0
0
0
0
0
0
0
0
0
0
0
0
0
0
0
0
0
0
0
0
0
0
0
0
0
0
0
0
0
0
0
0
0
0
0
0
0
0
0
0
0
0
0
0
0
0
0
0
0
0
0
0
0
0
0
0
0
0
0
0
0
0
0
0
0
0
0
0
0
0
0
0
0
0
0
0
0
0
0
0
0
0
0
0
0
0
0
0
0
0
0
0
0
0
0
0
0
0
0
0
0
0
0
0
0
0
0
0
0
0
0
0
0
0
0
0
0
0
0
0
0
0
0
0
0
0
0
0
0
0
0
0
0
0
0
0
0
0
0
0
0
0
0
0
0
0
0
0
0
0
0
0
0
0
0
0
0
0
0
0
0
0
0
0
0
0
0
0
0
0
0
0
0
0
0
0
0
0
0
0
0
0
0
0
0
0
0
0
0
0
0
0
0
0
0
0
0
0
0
0
0
0
0
0
0
0
0
0
0
0
0
0
0
0
0
0
0
0
0
0
0
0
0
0
0
0
0
0
0
0
0
0
0
0
0
0
0
0
0
0
0
0
0
0
0
0
0
0
0
0
0
0
0
0
0
0
0
0
0
0
0
0
0
0
0
0
0
0
0
0
0
0
0
0
0
0
0
0
0
0
0
0
0
0
0
0
0
0
0
0
0
0
0
0
0
0
0
0
0
0
0
0
0
0
0
0
0
0
0
0
0
0
0
0
0
0
0
0
0
0
0
0
0
0
0
0
0
0
0
0
0
0
0
0
0
0
0
0
0
0
0
0
0
0
0
0
0
0
0
0
0
0
0
0
0
0
0
0
0
0
0
0
0
0
0
0
0
0
0
0
0
0
0
0
0
0
0
0
0
0
0
0
0
0
0
0
0
0
0
0
0
0
0
0
0
0
0
0
0
0
0
0
0
0
0
0
0
0
0
0
0
0
0
0
0
0
0
0
0
0
0
0
0
0
0
0
0
0
0
0
0
0
0
0
0
0
0
0
0
0
0
0
0
0
0
0
0
0
0
0
0
0
0
0
0
0
0
0
0
0
0
0
0
0
0
0
0
0
0
0
0
0
0
0
0
0
0
0
0
0
0
0
0
0
0
0
0
0
0
0
0
0
0
0
0
0
0
0
0
0
0
0
0
0
0
0
0
0
0
0
0
0
0
0
0
0
0
0
0
0
0
0
0
0
0
0
0
0
0
0
0
0
0
0
0
0
0
0
0
0
0
0
0
0
0
0
0
0
0
0
0
0
0
0
0
0
0
0
0
0
0
0
0
0
0
0
0
0
0
0
0
0
0
0
0
0
0
0
0
0
0
0
0
0
0
0
0
0
0
0
0
0
0
0
0
0
0
0
0
0
0
0
0
0
0
0
0
0
0
0
0
0
0
0
0
0
0
0
0
0
0
0
0
0
0
0
0
0
0
0
0
0
0
0
0
0
0
0
0
0
0
0
0
0
0
0
0
0
0
0
0
0
0
0
0
0
0
0
0
0
0
0
0
0
0
0
0
0
0
0
0
0
0
0
0
0
0
0
0
0
0
0
0
0
0
0
0
0
0
0
0
0
0
0
0
0
0
0
0
0
0
0
0
0
0
0
0
0
0
0
0
0
0
0
0
0
0
0
0
0
0
0
0
0
0
0
0
0
0
0
0
0
0
0
0
0
0
0
0
0
0
0
0
0
0
0
0
0
0
0
0
0
0
0
0
0
0
0
0
0
0
0
0
0
0
0
0
0
0
0
0
0
0
0
0
0
0
0
0
0
0
0
0
0
0
0
0
0
0
0
0
0
0
0
0
0
0
0
0
0
0
0
0
0
0
0
0
0
0
0
0
0
0
0
0
0
0
0
0
0
0
0
0
0
0
0
0
0
0
0
0
0
0
0
0
0
0
0
0
0
0
0
0
0
0
0
0
0
0
0
0
0
0
0
0
0
0
0
0
0
0
0
0
0
0
0
0
0
0
0
0
0
0
0
0
0
0
0
0
0
0
0
0
0
0
0
0
0
0
0
0
0
0
0
0
0
0
0
0
0
0
0
0
0
0
0
0
0
0
0
0
0
0
0
0
0
0
0
0
0
0
0
0
0
0
0
0
0
0
0
0
0
0
0
0
0
0
0
0
0
0
0
0
0
0
0
0
0
0
0
0
0
0
0
0
0
0
0
0
0
0
0
0
0
0
0
0
0
0
0
0
0
0
0
0
0
0
0
0
0
0
0
0
0
0
0
0
0
0
0
0
0
0
0
0
0
0
0
0
0
0
0
0
0
0
0
0
0
0
0
0
0
0
0
0
0
0
0
0
0
0
0
0
0
0
0
0
0
0
0
0
0
0
0
0
0
0
0
0
0
0
0
0
0
0
0
0
0
0
0
0
0
0
0
0
0
0
0
0
0
0
0
0
0
0
0
0
0
0
0
0
0
0
0
0
0
0
0
0
0
0
0
0
0
0
0
0
0
0
0
0
0
0
0
0
0
0
0
0
0
0
0
0
0
0
0
0
0
0
0
0
0
0
0
0
0
0
0
0
0
0
0
0
0
0
0
0
0
0
0
0
0
0
0
0
0
0
0
0
0
0
0
0
0
0
0
0
0
0
0
0
0
0
0
0
0
0
0
0
0
0
0
0
0
0
0
0
0
0
0
0
0
0
0
0
0
0
0
0
0
0
0
0
0
0
0
0
0
0
0
0
0
0
0
0
0
0
0
0
0
0
0
0
0
0
0
0
0
0
0
0
0
0
0
0
0
0
0
0
0
0
0
0
0
0
0
0
0
0
0
0
0
1.9742867452420520546
1.9293464922902352487
1.8854292043865508166
1.8425115960036380081
1.8005709116574508677
1.7595849138419976665
1.7195318712387235305
1.6803905471942750527
1.6421401884605473231
1.6047605141910363802
1.5682317051876664138
1.5325343933923871731
1.4976496516179755858
1.4635589835125883962
1.4302443137527531825
1.3976879784595910294
1.3658727158331958051
1.3347816570001977965
1.3043983170696655804
1.2747065863925963747
1.2456907220203690123
1.2173353393576225034
1.1896254040051417178
1.1625462237884180983
1.1360834409676656698
1.1102230246251565404
1.0849512632258424549
1.0602547573473186659
1.0361204125752709881
1.0125354325606459316
0.98948731223485530961
0.96696383117942441565
0.9449530471465644732
0.92344328972723388471
0.9024231541633334075
0.88188149530075310434
0.86180742168006274628
0.84219028976171705914
0.82301969828270926666
0.80428548274168465415
0.78597771000958660537
0.76808667306298039623
0.75060288583726120226
0.73351707819701683633
0.71682019102087879414
0.70050337139825691324
0.68455796793540879541
0.6689755261683558718
1.3074955681604303326
1.2777333354411377631
1.2486485738490962216
1.2202258622587269787
1.1924501305721262323
1.165306651728698295
1.1387810338966739554
1.1128592128423704377
1.0875274444731490853
1.0627722975501150415
1.0385806465666962417
1.0149396647893271783
0.99183681745654428408
0.96925985513288892559
0.94719680721409604818
0.92563597558012011834
0.90456592839263705308
0.88397549403373354426
0.86385375518256546368
0.8441900430268516331
0.82497393160612675356
0.80619523228376033241
1.1817659825172093235
1.1548657045752308559
1.1285777517162727257
1.1028881857197672112
1.0777833856377814215
1.0532500405730103044
1.0292751426211634858
1.0058459799740013807
0.98295013017936716526
0.96057545355463713754
0.93871008675010103595
0.91734243645885660268
0.89646117326988539187
0.87605522566104832016
1.1414850321717580073
1.1155016606021828096
1.0901097427784691707
1.0652958155696847786
1.0410467223031725226
1.0173496057887079225
0.99419190150144653995
0.97156133092004648422
0.94944589501643505969
0.92783386789376343096
0.90671379056918210981
1.1075930811226706307
1.0823811845462023573
1.0577431808007893288
1.0336660064907230439
1.0101368955794849391
0.98714337262102580528
0.96467324614511762437
0.94271460219327551933
0.92125579800181922607
1.0803425469944705206
1.0557509483051987775
1.0317191227432340739
1.0082343283165651204
0.98528411307632834948
0.96285630851462200575
0.94093902311259980387
1.0727740753746710656
1.0483547561325829989
1.0244912884588119883
1.0011710196269272277
0.9783815849217136762
0.9561109010832370414
0.93434715990013850195
1.0435186536557323755
1.0197652691140770553
0.99655257761629512103
0.97386827148609800275
0.95170032320411335203
1.0462916014095764439
1.0224750968708993248
0.99920072216264077536
0.97645613690325816503
0.95422928161258668833
1.0361204125752709881
1.0125354325606459316
0.98948731223485519859
0.96696383117942441565
1.039448351861220976
1.0157876186999572621
0.99266546957966672604
0.97006964483082835926
1.0341689060160752511
1.0106283477140605154
0.98762363793925111999
0.96514257929002156278
1.021771023012462587
0.99851267498187457061
0.97578375158843966286
1.0269239094758235709
1.0035482674292304228
0.98070471995755970074
1.0268369519031130821
1.0034632892525336967
0.98062167612032291597
1.0221866683529103881
0.99891885907927702171
0.97618068980698158299
1.0135826109863073086
0.99051065396939363961
1.0249029305070063156
1.0015732915581334606
0.97877470002583411013
1.0096336826726091118
0.98665161423836145183
1.0149396647893274004
0.99183681745654417306
1.0177228478895334884
0.99455664757480088944
1.0181995731381321413
0.995022521231900825
1.0165718181387934926
0.99343181845995054413
1.0130280516322218709
0.98996871792735208206
1.0077440403547004433
0.9848049854310076956
1.0008836106318668158
1.0157199765446454087
0.99259936714779051226
1.0059311599285958305
0.98303337120147626926
0.99496597120045804363
1.0058459799740013807
1.0157151345186794522
0.99259463533979164218
1.0012907592001076829
1.0090766801047423851
0.98610729059687396436
0.9928625890825213407
0.99879940315028825637
1.0039514945419645287
1.0083515120700841106
1.0120310247912005508
0.98899438618801394085
0.99191586564399025772
0.99419190150144653995
0.99585036419304773236
0.99691818976725676826
0.99742140798579581595
0.9973851696261003541
0.99683377301040354546
0.99579068978250617761
0.99427858995274187581
0.99231936623109406881
0.98993415766789527588
1.0068862400734464035
1.0032601759909223205
0.99927747832487201496
0.99495626184196461761
1.0083197105281724859
1.0029634008899386277
0.99732848531845952333
1.0082343283165648984
1.0017055149609339626
0.99495151879844256904
1.0036682913201064871
0.99614735570505164031
1.0034252665840437402
0.99522010878856015381
1.0011710196269272277
1.006335344490905559
0.99708708255823286226
1.0010862427501483474
1.0043867041436425058
0.99427113738622519001
0.99655257761629512103
0.99821497827325056384
0.99928533936431906959
0.99978975245803980432
0.99975342805154598924
0.99920072216264088638
0.99815516216777522285
0.99663947190647950158
1.0050368001980127808
1.002410078235039359
0.99938218535720368951
0.99597274611480712814
1.0016502299753582417
0.99731875290541238677
1.00168970112130018
0.99652608968985101345
0.99969660914887281677
1.0022064448164431649
1.0040840319049053608
0.9973139985996889445
0.9981916917121749222
0.99851267498187457061
0.99830183816355744231
0.99758322634794283079
1.0035482674292302008
1.0017198210995075236
0.99945463318569671696
0.99677353399085011354
1.0002341096427294076
1.0030206683212932184
0.99891885907927702171
1.0005852070521561448
1.0016581096805861062
1.0021637204866804538
1.0021273098290730541
1.0015732915581332385
1.0005252489152971496
0.9990059596971080369
1.0022303239368619554
0.99971556981748721515
1.001755185631109768
0.9983376507868756411
0.99929263161087134026
0.99968685362652953685
0.99954535087386409131
0.99889230825811892167
1.0020703560117760755
1.0003652009868191364
0.998218457243413404
0.9996820880318627589
1.0005618651979037992
1.0008836106318665937
1.0006722731884285515
0.99995195505258904767
0.99874593735767747127
1.000587538544359667
0.99839688834252848793
0.99914034010750807369
0.99933263234902325323
0.99899847169682265413
1.0012907592001076829
0.99990325574015381793
1.0010483101513720783
0.99870295725359503614
0.99879940315028825637
1.0011627403904590494
1.0001756889992454713
0.99871482709657943833
0.99940485341104556838
0.99954598768740565706
0.99916286100895379541
1.0007081708476479598
0.99929180450479793141
0.99974099265553006965
0.9996519541025232769
0.99904895917264890937
1.0001202145206911087
1.0006250490375467876
1.000588694283019775
1.0000355266236902185
1.000963379837720213
0.99940148300634179535
0.99927747832487212598
1.0004837966299755525
0.99931685596988528708
0.99944423106225466213
1.0007675490609369007
0.99983237558059367966
1.0000633747724732014
0.99976580034101580896
1.000531827909731053
1.0007449588852288525
1.000429967280807686
0.99961078573909800671
0.99974077531317451228
0.99934690459860764378
0.99981882798989929473
0.99975146109314827481
1.0004735091924334967
0.99936996373179554087
1.0002896497823561273
0.99943231361260809198
1.0004749647683242042
0.99978975245803969329
0.99975342805154587822
1.0003109451872660429
1.0003250646942267732
0.9998202361785214487
0.9998561981351364869
1.0003850073699180889
1.0003716726694387162
0.99984060143952480093
0.99976032388106517157
1.0000890827745942957
0.99988485481297340041
1.000053615671053997
0.99969660914887281677
0.99967987394715807081
0.9999689334134916896
0.99972685504791403144
0.99976364713219401104
1.0000488483280003393
0.99980304393523200535
0.99978377758253400565
0.99996416647412600387
1.0003188143567109947
1.0001391911536321455
1.0001184116216919051
1.0002341096427294076
0.99982633498269046779
1.0001675076531260089
0.99997509412102680848
0.99986943448472798135
0.99983310718322304655
0.99984974776127966134
0.99990400273886970162
0.99998148519306051529
1.0000687319946581777
1.0001531626437285549
1.0002230396498819065
0.9997715119961966268
0.99979154056957497687
0.99976623001447839645
1.0001496716143196686
0.99999763383806028472
1.0002182714991696422
0.99991072162381966493
0.99994310596530566748
0.99986840510662555737
1.0000851856480046376
1.0001679432037315909
1.0001137001621498435
0.99991988802061759767
0.99995195505258904767
0.99982372074331515854
0.99988537185064452206
1.0001123469135637656
1.0001461860874820697
0.99998793243580952339
0.99995904715037720045
1.0000391457511075277
0.99990325574015381793
0.99985302858701208262
0.99987103088780970861
0.99994088818245996375
1.0000472387298569021
0.99990316156355074639
1.0000464468660414941
0.99992537677219717196
1.0000546624902999504
0.99990850493507976715
0.99997949984945799784
1.0000038889260602915
0.99997295112250350613
1.0001053109978077504
0.99993503363754709934
0.99990373828378176224
0.99999040312906628536
0.9999684946791254081
1.0000355266236902185
0.99997623646509936624
0.99998028695402885191
1.0000316500066266379
0.99993104315117453673
1.0000370843345480765
0.99997210653640733469
1.000079736312441625
1.000000414635312973
1.0000633747724732014
0.99992627639243480964
1.0000613583981747823
0.99997869168853270594
0.99998067238532239998
1.0000498534341517587
1.0000268241759251442
1.0000457485878373465
0.99995541526148257194
1.0000184174245483337
0.99995174986560564356
1.0000073170249919041
1.0000405116379520454
1.0000409812822870226
0.99999911460672208374
1.0000222617027973993
0.999980644739739577
0.99997787827987849596
0.99999957931525917942
1.0000322871299909266
0.99995981017639412602
0.99997999319689390152
0.99997587774454466114
1.0000339942057607789
1.0000438097952091265
0.99999673844562142477
0.99997509712838983376
0.99996542752152384192
1.0000413321175449788
1.000016750063062787
0.99996893341349180062
0.99996814069273654013
0.99999944044519695208
0.99997203966069414527
1.0000282248009830788
1.0000038327059930232
0.99996416647412589285
0.99996856267101186244
1.0000022795600451708
0.99998461651645831338
0.99997261052909724999
1.0000179949830065862
0.99998021036704864972
0.9999750941210269195
0.99998867949778502684
1.0000079031809825381
1.0000205649163642629
1.0000152886601541002
0.99998148519306062632
1.0000155933797807428
0.99999737554674339446
1.0000200517169242076
1.0000194712005607833
0.99998539254060148096
1.0000030292162818135
1.0000108262179825402
0.99999763383806039574
0.99999727762566104072
0.9999971069993379702
0.99998531546745705878
0.99999215119636641891
1.000004566124776284
1.0000103744060626632
0.99999821359169227541
0.99999512653739874857
0.99998871799211308531
1.0000033513075881064
0.99999069685470176605
1.0000094193993016578
1.0000120732901522924
0.99998793243580952339
0.9999910663321623927
1.0000078554148825738
0.99999498998379965364
1.0000024387825572347
0.9999878382512313868
0.99999796243406846585
0.99999146364682678367
1.000012172537828814
0.99999318207526299851
1.0000034552763701345
1.0000037950100104656
1.0000079241252297635
1.000003788882731115
1.0000038889260602915
0.99999614696920091639
0.99999197177398668757
1.0000014892224144969
0.99999032877854554524
0.99999040312906628536
1.0000098413193849733
0.99999512114786714978
0.99999597933255168769
0.99999958041895187222
0.99999394142253894557
1.0000047436150145685
1.0000010729163149037
1.0000072982346841499
0.99999375971887960457
1.000000414635312973
0.99999768916493492199
1.0000065144181444765
0.99999862912996728692
0.99999401703246659778
0.99999564888183845035
1.0000059466646464834
0.99999821928964993667
1.0000038179484835865
0.99999639144295748849
1.000005069607978303
1.0000039257982884511
0.99999456995912783253
1.0000031409162914997
1.0000044612221061779
0.99999911460672208374
0.99999901077832153984
1.0000033664085588025
1.0000000827403709991
0.99999957931525895738
1.0000004794872705549
1.0000012549928971595
1.0000002439055450942
0.99999566749078949712
0.99999531565251364995
0.99999656214285181921
0.9999967384456215358
1.0000021698230148193
1.000000702781336015
0.999998241746460792
0.99999990625726764559
1.0000018542014230682
1.000000312112046208
0.99999944044519695208
1.0000027631276167117
0.99999820068554978736
0.99999649753521102635
1.0000000074836767894
0.99999658280586789516
1.0000022795600451708
0.99999799602698169476
0.99999876044046043244
0.99999882898297487444
0.99999894009565648556
0.99999949863827197749
1.0000006039990909645
1.000002076647723781
0.99999778929568616803
0.99999859577196137383
0.99999779810472766428
0.99999965179531735693
1.000002568449976259
0.9999997529236284155
0.99999963446421158419
0.99999993143842846877
0.99999829323224587174
1.0000015698582267465
1.0000021566677024243
1.0000016975031311706
1.0000014262681138355
0.99999797831810255389
1.000000400935682654
1.0000005351486149774
0.99999855674623727708
0.99999821359169238644
0.99999888846323781166
0.99999974687397008566
0.99999975869630264302
1.0000012293551074904
0.99999912664787560246
0.99999866201041920366
1.0000010384375452865
1.0000006720866978505
0.99999846831401495439
1.0000011056000426279
0.99999945057864625397
0.99999951898757333257
1.0000008161466489298
0.99999982990928126814
1.0000012714404007408
1.0000011717938799283
1.0000008526595642877
1.000001251635995958
1.0000004676859686192
0.99999893107607640275
0.99999914169658521423
1.0000007861385402652
1.0000010389118925147
0.999999274036252217
0.99999898782802187913
1.0000009805608742752
0.99999950465932008203
0.99999916169544944555
0.99999992790604219639
0.99999958041895187222
0.9999995977101520106
0.99999921608022657171
0.99999927234540342269
1.0000002598950288313
1.000000637846364393
1.000000414635312973
0.99999933130512330681
1.0000000953760876943
1.0000001973616725603
1.0000001471700401545
1.0000001418307933321
1.0000000924287122395
0.99999964953396369705
0.99999962488454818832
1.0000004890611051689
0.99999973048135026854
1.0000000126033372627
0.99999966878547352778
0.99999940384412544514
0.99999959188074871719
1.0000003042321261582
1.0000001733245453828
0.99999995815823583545
1.0000000827403709991
0.99999957931525917942
1.0000004794872705549
1.0000002188724845809
1.0000002439055450942
0.99999962544003839771
1.0000001504716693468
1.0000003419550402839
1.0000004322187803218
1.0000003649767064129
0.99999982089984074118
0.99999996536130419944
0.99999990625726753457
1.0000002081620265049
1.000000312112046208
1.0000002264229068683
0.99999969078092443286
0.99999970189132147969
1.0000001651206020803
1.0000000074836770114
1.0000000853227246633
1.0000002258861413473
1.0000000029535602852
1.0000000679360285805
1.0000001067163102331
1.0000001887442302451
1.0000001087512031539
1.0000000077740256454
0.99999974603442032262
1.0000000668577539997
1.0000002650607806576
0.99999997315961663968
1.0000001831814662179
0.99999997199835988226
0.99999975292362830448
1.0000001303826202559
0.99999993143842846877
1.0000001876258601818
1.0000001814042636106
0.99999989525288124348
0.99999992955214322965
1.0000001304874810426
1.0000000887932101179
0.99999998844871673676
1.0000001320509988023
1.0000001324342140396
1.0000001383678664979
1.0000000170409895084
1.0000001145033654559
1.0000001179574311561
0.99999982502172002352
1.0000001559230180526
1.0000000031383926569
1.0000000554874151071
1.0000000317030621755
1.0000000328308262798
0.99999988247679405529
1.0000000482194284501
1.0000001030243905742
0.99999996003287483504
1.0000001087846965842
0.9999999088032223149
1.0000001064980643672
1.0000000718745225559
0.99999997994898870424
0.99999997059001799471
0.9999999026374073452
1.0000000911424802297
1.0000000902631394073
0.9999999055196542308
0.99999993859210090097
1.0000000702092062266
0.99999992281769345404
0.99999991812572275318
0.9999999698049658603
0.99999992790604208537
0.99999996628825038592
0.9999999747959928964
0.9999999530848650009
0.9999999925737680373
1.0000000839365374983
0.99999995003361619172
1.000000078557203631
0.99999998816119872735
0.99999993490003613594
1.0000000405385018887
0.99999999391660088222
0.99999999206582812494
0.99999994607281394998
0.99999993558282651573
1.0000000441909417948
0.99999994271201875229
0.99999999743768164251
1.0000000126033372627
1.0000000511974493911
1.0000000266894863987
0.99999995708135047678
0.99999994734450503575
1.0000000570699230096
0.99999995815823583545
0.99999997171806842555
1.0000000132957644894
0.99999994935989189315
1.0000000116484020207
1.0000000413984586611
1.0000000212349631212
0.99999995707890321217
0.99999996397382162616
0.9999999704971354042
1.0000000040074445984
0.99999999727613964051
0.99999996536130431046
0.9999999904762965075
0.99999996125611700926
0.99999999039785303356
0.99999999062959399332
0.99999999801559369406
1.0000000021324757515
1.0000000184171864426
1.0000000074836770114
1.0000000152723875768
1.0000000205187509206
1.0000000029535600632
1.0000000025612501009
0.99999997894297687484
1.0000000014469441201
0.99999998672861689641
1.0000000077740256454
0.99999997909575066846
1.0000000099187023039
0.99999998684597757315
0.99999997315961663968
1.0000000237656216928
1.0000000239273922897
1.0000000066585446046
0.99999998160709757666
0.99999997990142142079
0.99999999818649887295
0.99999999627706837035
0.99999998570947412624
1.0000000179496926211
1.0000000009094178743
1.0000000043742056643
0.99999998844871673676
1.0000000111217139942
1.0000000142576157547
0.99999998438577264448
1.0000000170409895084
1.0000000042145469337
1.0000000101790926799
1.000000000563393332
0.99999998437716097754
1.0000000031383924348
0.99999998995740646546
0.99999999968388053606
1.0000000015404901799
1.0000000047891188792
0.99999998845535020831
0.99999998621702712587
0.99999998857000071961
0.99999999723453047995
0.99999999056145305598
0.99999999996848265571
0.99999999379601833827
1.0000000053827289292
0.99999999544481554814
0.99999999979354048385
0.99999999619789059491
0.99999999747975265585
0.9999999961910333024
1.0000000050476856028
1.0000000052663353678
1.0000000074371477865
1.0000000008190033096
0.99999999000770378732
1.0000000068775118933
1.0000000048751802595
0.99999999365028502396
1.0000000083602129664
0.9999999925737680373
0.99999999595729183177
1.0000000016195722541
0.99999999453767629554
1.0000000045826007433
0.99999999909045678148
0.99999999349155077599
0.99999999391660088222
1.0000000070423247234
1.0000000046151733546
1.0000000070950421094
1.0000000022603023897
0.99999999734692734954
0.99999999743768164251
0.99999999955935392482
1.0000000002091860019
1.0000000017756720538
1.0000000057747642224
0.99999999492952118541
0.99999999894261171196
1.0000000036015737059
1.0000000050247592753
1.0000000024462518677
1.0000000023726296483
1.0000000012871979038
1.0000000008970413301
1.0000000014452170571
0.99999999575745657232
1.0000000017719434808
0.99999999820043428134
1.0000000040074445984
0.99999999727613975153
0.99999999983360110534
0.99999999889819946031
1.0000000024071020732
0.99999999844070786015
0.99999999848937104474
0.99999999801559358303
1.0000000021324757515
0.99999998907650322622
0.99999999314727305855
0.99999999425728636204
0.9999999931364321748
0.99999998957404956368
0.99999998948629453821
0.99999999172031028838
0.99999998896045838581
0.99999999282974616488
0.99999998988727356597
0.9999999907488171802
0.9999999928369868174
0.99999999241027348607
0.99999998947252821679
0.99999999188245258797
0.99999998757706953789
0.99999999143444961991
0.99999998656628186211
0.99999998959401992238
0.9999999887145307742
0.99999998702070869161
0.99999998570947423726
0.99999998701055026196
0.9999999879516114909
0.99999998749040497348
0.99999998844871673676
0.99999998693585689935
0.99999998668307621408
0.99999998438577264448
0.99999998694558278611
0.99999998583307714295
0.99999998503081366508
0.99999998300922621208
0.99999998437716097754
0.99999998302147286022
0.99999998340440554578
0.99999998367428954982
0.99999998276628843108
0.99999998032665393666
0.99999998247894239523
0.9999999803766589368
0.99999998000886280991
0.99999998050200555877
0.99999997966035558683
0.99999997866256640222
0.99999997818031749475
0.99999997740561474835
0.99999997804645712751
0.99999997793341044439
0.99999997720897271236
0.99999997660349060347
0.99999997578997301684
0.99999997403507945304
0.99999997495966208572
0.99999997358936609793
0.9999999739436871149
0.99999997182523958639
0.99999997134035056856
0.99999997207628987805
0.99999997102513460412
0.99999996966746951266
0.99999996916634614763
0.9999999678039331874
0.99999996722893469414
0.99999996765142751265
0.99999996681337621762
0.99999996539048596755
0.99999996526338008618
0.99999996326591289453
0.99999996361048482107
0.99999996217196274184
0.99999996132722412945
0.99999996032966298465
0.99999995910249139808
0.99999995872901359384
0.99999995781860784305
0.99999995686916198778
0.99999995568511534927
0.99999995464667978951
0.9999999532926320267
0.99999995244076289591
0.99999995134173524924
0.99999994951360804407
0.99999994928363977742
0.9999999472393822364
0.99999994637281597321
0.99999994520759249994
0.99999994405495284955
0.99999994257444579926
0.99999994129494840234
0.9999999400235068947
0.99999993813055454428
0.99999993730819802806
0.99999993519804442066
0.99999993404954701237
0.99999993245042761991
0.99999993088072725023
0.99999992932333248152
0.99999992735161968849
0.99999992632158429817
0.99999992452700037227
0.99999992289889449992
0.99999992070443244341
0.99999991920417163893
0.99999991732469273309
0.99999991495904716476
0.99999991313971003937
0.99999991091992268544
0.99999990924427462069
0.99999990701198948617
0.99999990451612497111
0.99999990230389468326
0.99999990004295891133
0.99999989812022294089
0.99999989570155967122
0.99999989306623071617
0.99999989044795289939
0.9999998878785184564
0.99999988539858541969
0.99999988262848826803
0.99999988010975349173
0.99999987716156268913
0.99999987430367476282
0.99999987133135448403
0.99999986845960875392
0.9999998655276008952
0.99999986237869353811
0.99999985905235000416
0.99999985581072414753
0.99999985226863785659
0.99999984907494210429
0.99999984563749588773
0.99999984187372070732
0.99999983822009075318
0.99999983449154983273
0.99999983071948539415
0.99999982678029875061
0.99999982255976682666
0.99999981856860431506
0.9999998142430622794
0.99999980983790826006
0.99999980536165300471
0.99999980090623818985
0.9999997962493915038
0.9999997914368268237
0.99999978662772059934
0.99999978182015303307
0.99999977672259710015
0.9999997714766275525
0.99999976619462260796
0.9999997606501579428
0.99999975500516502525
0.99999974941520253235
0.99999974354656495645
0.99999973750108805959
0.99999973144564191507
0.99999972514980961513
0.99999971882907590093
0.99999971219331718064
0.99999970555670258943
0.99999969863401361181
0.99999969169836866456
0.99999968451076193254
0.99999967714390813889
0.99999966971818343708
0.99999966203215728822
0.99999965406694624193
0.99999964597140500455
0.99999963775560785084
0.99999962933508246277
0.99999962072365189414
0.99999961191853814491
0.99999960280107824673
0.99999959359495260713
0.99999958405580258169
0.99999957445594245264
0.99999956451447469252
0.99999955432356468776
0.99999954403946988979
0.99999953335486435613
0.99999952253116919376
0.99999951133661857394
0.99999949998430537335
0.99999948839634322795
0.99999947648626996699
0.99999946426598806948
0.99999945179907612225
0.99999943902062871093
0.99999942592567081512
0.99999941259371849522
0.99999939888573907698
0.99999938485491857154
0.99999937052296106188
0.99999935589109567591
0.9999993408949260365
0.99999932555570214543
0.99999930981147755471
0.99999929370315843169
0.99999927724305970322
0.99999926046176412786
0.99999924323633815337
0.99999922557621268027
0.99999920752195003981
0.99999918912309881946
0.99999917021282513918
0.99999915085863710917
0.99999913110302207642
0.99999911084834880448
0.99999909016766463932
0.99999906895803769569
0.99999904725828658858
0.99999902510086413621
0.99999900235507488411
0.99999897910515589405
0.9999989553606308812
0.99999893102897774444
0.99999890610871899899
0.99999888061863839717
0.99999885459072945793
0.99999882787748362034
0.99999880058679690986
0.99999877264133585353
0.99999874405260813504
0.99999871480394708634
0.99999868486295895309
0.99999865421837708102
0.99999862289383367742
0.99999859082048980774
0.9999985579726454743
0.99999852438405512078
0.99999849002259377784
0.99999845486581495635
0.9999984188626992454
0.99999838203592816832
0.99999834433073053752
0.9999983057706534062
0.99999826632547450522
0.99999822593907061741
0.99999818459825651207
0.99999814231309203105
0.99999809904806180594
0.99999805478020764582
0.99999800946634631593
0.99999796309359523239
0.99999791566395479503
0.99999786709372173732
0.99999781741979909544
0.99999776659084627095
0.99999771455984498569
0.99999766132054568324
0.99999760684620442319
0.99999755110128996094
0.99999749406771532012
0.9999974356934031583
0.99999737596250792837
0.9999973148378853427
0.99999725229428382267
0.99999718830678296921
0.99999712279809649385
0.99999705579335307348
0.99999698721237406662
0.99999691703659954189
0.99999684522694920474
0.99999677173688195086
0.99999669653597267338
0.99999661958976593379
0.99999654084759626027
0.99999646028120137142
0.99999637782507289074
0.99999629345527196733
0.99999620711867875933
0.99999611877564098528
0.99999602836781897874
0.99999593585611312729
0.99999584119455819931
0.99999574432507609689
0.99999564519962769182
0.9999955437600004382
0.99999543996380013677
0.99999533373926308144
0.99999522505117310889
0.99999511383027850364
0.99999500001723962139
0.99999488354854615402
0.99999476437484680069
0.99999464242061797403
0.99999451763291047346
0.99999438992414102501
0.99999425925419771488
0.99999412553417210692
0.99999398869930322675
0.99999384867837670665
0.99999370539560461513
0.99999355877973028495
0.99999340874233821896
0.99999325521754367507
0.99999309811362291356
0.99999293734422201041
0.99999277283932441751
0.99999260449818005991
0.9999924322295251633
0.99999225595499985353
0.99999207557804026258
0.99999189099583818408
0.99999170211122867524
0.99999150882815279751
0.99999131104918725921
0.99999110865296336748
0.99999090154916181472
0.99999068962289472395
0.99999047275714725291
0.99999025083854931051
0.99999002375686696364
0.9999897913796725879
0.99998955359332519777
0.99998931026698101299
0.99998906127009101752
0.99998880647753252138
0.99998854575130113886
0.99998827894664166216
0.99998800593112602275
0.99998772655711554158
0.99998744067122558032
0.99998714813042954841
0.99998684877405330518
0.9999865424460977481
0.999986228984452441
0.9999859082182636083
0.99998557998066217589
0.9999852440974108525
0.99998490039245002681
0.99998454868305164389
0.99998418877706019003
0.99998382049279177508
0.99998344362779867378
0.99998305798283748658
0.99998266335897922907
0.9999822595412374282
0.99998184631665909539
0.9999814234675972191
0.99998099076997282175
0.99998054799549196403
0.99998009490568007251
0.99997963126310573934
0.99997915681933691179
0.99997867132690343439
0.99997817452517201442
0.99997766615319760852
0.99997714593852093934
0.99997661360755141224
0.99997606887625800631
0.99997551145957475072
0.99997494105803053088
0.99997435736960349484
0.99997376008591176699
0.9999731488905615473
0.99997252346022758029
0.99997188346094334488
0.9999712285545575563
0.99997055839553616874
0.99996987262563363785
0.99996917088345538271
0.99996845279704471565
0.9999677179830134266
0.99996696605481660836
0.99996619661257779565
0.99996540924946319961
0.99996460354539795645
0.99996377907603384294
0.99996293540449410209
0.9999620720802666618
0.99996118864819072414
0.99996028464042541195
0.99995935957544246353
0.99995841296386167585
0.99995744430515776102
0.99995645308494407466
0.99995543877710180158
0.99995440084441922224
0.99995333873599800967
0.99995225189040004565
0.99995113973027771603
0.99995000166663849939
0.99994883709509529979
0.99994764540020930621
0.9999464259479799999
0.99994517809352767568
0.99994390117571629872
0.99994259451594047494
0.99994125742298922699
0.99993988918695375645
0.99993848908418747623
0.99993705637083762916
0.99993559028855683035
0.99993409005969469128
0.9999325548885394932
0.99993098396214052936
0.99992937644840373945
0.99992773149334779337
0.99992604822654096441
0.99992432575562817387
0.99992256316712313513
0.99992075952657688553
0.99991891387849707318
0.99991702524491743453
0.99991509262361533139
0.99991311499184898359
0.99991109129975408454
0.99990902047565888289
0.99990690142165650212
0.99990473301526983096
0.99990251410631425522
0.99990024351881101605
0.99989792005023281352
0.99989554246854150943
0.99989310951306864528
0.99989061989552185938
0.99988807229597176374
0.99988546536358891004
0.99988279771781107819
0.99988006794395489774
0.99987727459639197392
0.99987441619350692079
0.99987149122159146852
0.99986849813008538135
0.99986543533288019248
0.99986230120679886468
0.99985909409126383363
0.99985581228662312459
0.99985245405349210124
0.99984901761315636559
0.99984550114359360684
0.99984190278237938809
0.99983822062235350181
0.999834452712467181
0.99983059705630894509
0.9998266516106782964
0.99982261428547780646
0.999818482941617237
0.99981425538980850387
0.99980992939023538568
0.99980550265100054386
0.99980097282690050253
0.99979633751811147757
0.99979159426863473126
0.99978674056561345207
0.99978177383807542711
0.99977669145458214484
0.99977149072270232733
0.99976616888789249238
0.99976072313041119966
0.99975515056588293294
0.9997494482427679019
0.99974361314019144498
0.99973764216766602964
0.9997315321625136475
0.99972527988872939009
0.99971888203459746691
0.99971233521196778415
0.99970563595331218831
0.99969878071083773108
0.99969176585428809467
0.99968458766844092711
0.99967724235246213649
0.99966972601659820352
0.99966203468079173344
0.99965416427236597485
0.99964611062426533827
0.99963786947210619971
0.99962943645257451575
0.9996208071009583529
0.99961197684877212133
0.99960294102136948435
0.99959369483511639753
0.99958423339557589404
0.9995745516945747644
0.99956464460713034814
0.99955450688948777049
0.99954413317606150002
0.99953351797637002285
0.99952265567257070344
0.99951154051609580886
0.9995001666249780925
0.99948852798061404989
0.99947661842446122726
0.99946443165511900109
0.99945196122437873765
0.99943920053487367294
0.99942614283563202537
0.9994127812190322091
0.99939910861691871879
0.9993851177972009614
0.99937080135985367768
0.99935615173291980629
0.999341161168773362
0.99932582173989903396
0.99931012533495000572
0.99929406365401018952
0.9992776282048765335
0.99926081029804425526
0.99924360104260823157
0.99922599134125855702
0.99920797188568355462
0.99918953315162217788
0.99917066539402188408
0.99915135864169957181
0.99913160269229739363
0.99911138710700231336
0.99909070120490028888
0.99906953405751486308
0.99904787448294207763
0.99902571104034343374
0.99900303202364848509
0.99897982545547137079
0.99895607908111738737
0.99893178036189422819
0.99890691646875207077
0.9988814742754565934
0.99885544035199147483
0.99882880095728854286
0.99880154203215287811
0.99877364919215072536
0.99874510771976099388
0.99871590255711795159
0.99868601829784708901
0.99865543917931487439
0.99862414907422836219
0.99859213148247438774
0.99855936952245560878
0.99852584592228021965
0.99849154301097564623
0.99845644270914057916
0.99842052651979817934
0.99838377551866830384
0.99834617034443384753
0.9983076911887511784
0.9982683177860336432
0.99822802940299382168
0.99818680482785571151
0.99814462235963186121
0.99810145979666375915
0.99805729442549950825
0.99801210300899534378
0.99796586177442836441
0.99791854640138388799
0.99787013200914809197
0.9978205931439918519
0.99776990376619700829
0.99771803723664931329
0.99766496630321055417
0.99761066308686241477
0.99755509906741113291
0.99749824506897388776
0.997440071245114801
0.99738054706357304191
0.99731964129083983117
0.99725732197621808073
0.99719355643564999703
0.99712831123505407671
0.99706155217350067588
0.99699324426584612358
0.99692335172504242813
0.99685183794410758829
0.99677866547761739824
0.99670379602289738141
0.99662719040069336351
0.99654880853555416476
0.99646860943565895852
0.99638655117232144409
0.99630259085901895499
0.99621668462988277604
0.99612878761788359316
0.99603885393244684376
0.99594683663665339868
0.99585268772383661595
0.99575635809387186281
0.99565779752879590703
0.99555695466800475657
0.99545377698291093171
0.99534821075102641874
0.99524020102960242262
0.99512969162859732375
0.9950166250831893322
0.99490094262564454652
0.99478258415663078917
0.99466148821596156449
0.99453759195273316873
0.99441083109478145552
0.99428113991764799362
0.99414845121276695927
0.994012696255151873
0.99387380477029452219
0.99373170490052642467
0.99358632317060180394
0.99343758445265617496
0.9932854119304699303
0.99312972706298641157
0.99297044954715640852
0.99280749728002182231
0.99264078632008190262
0.99247023084791796688
0.99229574312603863184
0.99211723345797986351
0.99193461014657502428
0.99174777945152414738
0.99155664554608258232
0.99136111047296204823
0.99116107409945808371
0.99095643407167166572
0.99074708576795089687
0.99053292225147682171
0.99031383422195673472
0.99008970996651235463
0.98986043530963740977
0.98962589356229202497
0.98938596547014190374
0.98914052916085903888
0.98888946009052824948
0.98863263098914500038
0.98836991180522526523
0.98810116964944849638
0.98782626873740908557
0.98754507033142235883
0.98725743268140619957
0.98696321096481798296
0.98666225722564748768
0.98635442031250053496
0.98603954581570074645
0.98571747600349346463
0.9853880497572686803
0.98505110250588423515
0.98470646615904333654
0.98435396903974359262
0.98399343581580989149
0.98362468743050490705
0.98324754103225209256
0.98286180990344274022
0.98246730338838872409
0.9820638268203618626
0.9816511814478413589
0.98122916435986184958
0.98079756841059162475
0.98035618214308350993
0.97990478971227523708
0.97944317080722498314
0.97897110057263281302
0.9784883495296846645
0.97799468349621831997
0.9774898635062890806
0.97697364572913769631
0.97644578138763138409
0.97590601667620968662
0.97535409267836981062
0.97478974528377648756
0.97421270510501212225
0.97362269739407747426
0.97301944195864298326
0.97240265307816975415
0.97177203941996104231
0.97112730395519442084
0.97046814387505309085
0.96979425050701484334
0.96910530923141313675
0.96840099939833590437
0.96768099424501108352
0.96694496081373304541
0.96619255987049545986
0.96542344582441708134
0.96463726664810356404
0.96383366379907631227
0.96301227214241347241
0.96217271987475039285
0.96131462844978987636
0.96043761250550174768
0.9595412797931771598
0.9586252311085127209
0.95768906022493482944
0.95673235382934018745
0.95575469146048108726
0.95475564545021252005
0.95373478086781315888
0.95269165546764811303
0.95162581964040482418
0.95053681636816267364
0.94942418118359306334
0.94828744213353688419
0.94712611974730009923
0.9459397270099357824
0.94472776934087510092
0.94348974457820011796
0.9422251429689494362
0.9409334471657828658
0.93961413223041001519
0.93826666564414817895
0.93689050732604184368
0.93548510965893183489
0.93404991752393751181
0.93258436834378477531
0.93108789213544884689
0.92955991157259620916
0.92799984205831131945
0.92640709180864122541
0.92478106194745546276
0.92312114661319366604
0.92142673307804512373
0.91969720188013648343
0.91793192696932157659
0.91613027586718576156
0.91429160984186930161
0.91241528409837158176
0.91050064798496366247
0.90854704521639617631
0.90655381411456681384
0.90452028786735305665
0.90244579480630704449
0.90032965870394310315
0.89817119909132780986
0.89596973159673731768
0.89372456830610447209
0.89143501814603542943
0.88910038729013995962
0.88671997958945658613
0.88429309702773428725
0.88181904020235091224
0.87929710883163625379
0.87672660228937160376
0.87410682016723184606
0.8714370628659250384
0.8687166322157825471
0.86594483212753015078
0.86312096927396542156
0.86024435380323371891
0.85731430008438913593
0.85433012748588621488
0.85129116118762138132
0.84819673302711584562
0.84504618238037931821
0.8418388570779595792
0.83857411435663031796
0.83525132184711459171
0.83186985859817896838
0.82842911613737202359
0.82492849956860514471
0.82136742870669210426
0.81774533924888581637
0.81406168398334743941
0.81031593403439350354
0.80650758014425028009
0.80263613399093369782
0.79870112954175076503
0.79470212444178001121
0.79063870143655679001
0.78651046982803329843
0.78231706696272984569
0.7780581597508234859
0.77373344621474937632
0.76934265706569804344
0.7648855573062084412
0.76036194785684141362
0.75577166720471833372
0.75111459307147976361
0.74639064409799626976
0.74159978154292316432
0.73674201099194702724
0.73181738407431828897
0.72682600018300647093
0.72176800819454733915
0.71664360818438110901
0.711453053133204949
0.70619665061958347696
0.70087476449377783538
0.69548781652747493354
0.69003628803380512302
0.6845207214517677885
0.67894172188889323483
0.67329995861570079985
0.66759616650524722381
0.6618311474107908543
0.65600577147436311964
0.65012097835878901453
0.64417777839549217322
0.6381772536402079421
0.63212055882855766598
0.62600892222327386705
0.61984364634474298228
0.6136261085764291856
0.60735776163668264704
0.60104013390840105302
0.59467482961802886621
0.58826352885543520266
0.5818079874263047957
0.57531003652884105115
0.56877158224677293319
0.56219460485092864754
0.5555811579019598323
0.5489333671471799958
0.54225342920494001842
0.53554361003047645795
0.52880624315776014743
0.52204372771253426677
0.51525852619246703679
0.50845316201115131616
0.50163021680357033905
0.49479232749160906302
0.48794218310921749771
0.48108252138794710406
0.47421612510474669966
0.4673458181951524737
0.46047446163630822991
0.45360494910561199866
0.44674020242220141563
0.43988316677994532267
0.43303680578210329566
0.42620409628933669799
0.41938802309429373816
0.41259157343753427583
0.4058177313811011655
0.39906947205756365671
0.3923497558138452912
0.38566152227058853041
0.3790076843191840239
0.37239112207988916969
0.36581467684566104648
0.35928114503741753749
0.3527932721973982555
0.34635374704810811819
0.33996519564497784671
0.33363017565134156506
0.32735117076461112129
0.32113058532259164402
0.31497073911873113561
0.30887386245471065704
0.30284209145815571551
0.29687746369237483224
0.29098191408390494672
0.28515727119226214059
0.2794052538446631373
0.27372746815659954045
0.26812540495702735788
0.26260043763457796562
0.25715382041863527052
0.25178668710635704331
0.2465000502437848795
0.24129480076609899353
0.23617170809886997573
0.23113142071886305651
0.22617446716960212805
0.22130125752353252411
0.21651208527927442993
0.21180712967917222911
0.20718645842915656141
0.20265003079989268864
0.19819770108532047681
0.19382922239204772308
0.18954425073066624718
0.18534234937796148501
0.18122299347720272067
0.17718557484226726828
0.17322940693028296422
0.16935372994678715708
0.16555771604710878275
0.16184047459778477807
0.15820105746232063226
0.15463846427649327597
0.15115164767964794912
0.14773951847004948568
0.14440095065427518972
0.14113478636285484158
0.13793984060683234238
0.13481490585260300086
0.13175875639522532934
0.12877015251336931811
0.12584784439209556473
0.1229905758027140944
0.12019708753199891127
0.11746612055598976143
0.11479641895645271987
0.11218673258075591292
0.10963581944841323257
0.10714244790982574429
0.10470539856478491836
0.10232346595007635326
0.099995460007023750926
0.097720207341039116988
0.095496552286191929704
0.093323357788489283426
0.091199506121977441664
0.089123899451952981465
0.087095460259525664393
0.085113131641530753724
0.083175877499369652024
0.081282682629792046836
0.079432552729946537262
0.077624514328249114015
0.075857614651772931058
0.074130921439977265353
0.072443522713687022452
0.070794526507329688658
0.069183060571551602269
0.067608272052481641068
0.066069327153104082107
0.064565410781448534516
0.063095726189611595069
0.061659494606995608745
0.060255954870585999583
0.058884363054588807762
0.057543992101314528353
0.056234131454816781159
0.054954086698473153527
0.05370317919742463586
0.052480745746564423648
0.051286138224581397094
0.050118723254412911317
0.048977881870341077875
0.047863009191871190573
0.046773514104456591356
0.045708818947077234363
0.044668359206636559788
0.043651583219108780476
0.042657951877346438063
0.041686938345441328091
0.040738027779521387983
0.039810717054858800468
0.038904514499160817997
0.038018939631912607169
0.037153522909641252536
0.036307805476970454739
0.03548133892333713707
0.034673685045242819136
0.033884415613915093435
0.033113112148256573786
0.03235936569296159887
0.031622776601683208475
0.030902954325135630065
0.030199517204020035616
0.029512092266663802337
0.028840315031266033213
0.028183829312644525372
0.02754228703338165718
0.026915348039269156033
0.026302679918953821708
0.025703957827688639348
0.025118864315095801309
0.024547089156850304681
0.023988329190194904172
0.023442288153199219297
0.022908676527677730717
0.022387211385683399023
0.021877616239495526612
0.021379620895022322102
0.020892961308540396181
0.020417379446695294726
0.019952623149688795273
0.019498445997580455408
0.019054607179632473274
0.01862087136662867598
0.018197008586099832489
0.017782794100389229253
0.017378008287493754841
0.016982436524617443296
0.016595869074375605573
0.016218100973589298641
0.015848931924611134314
0.015488166189124814159
0.015135612484362083105
0.01479108388168207458
0.014454397707459275962
0.014125375446227541806
0.013803842646028846933
0.013489628825916536586
0.013182567385564071191
0.012882495516931338764
0.012589254117941671429
0.012302687708123816179
0.012022644346174130026
0.011748975549395294926
0.01148153621496882798
0.011220184543019635567
0.010964781961431850632
0.010715193052376064883
0.010471285480508995755
0.01023292992280754217
0.010000000000000000208
0.0097723722095581066344
0.0095499258602143605873
0.0093325430079699098901
0.0091201083935590968044
0.0089125093813374554191
0.0087096358995608063464
0.0085113803820237639991
0.0083176377110267089854
0.0081283051616409928569
0.0079432823472428155248
0.0077624711662869173498
0.0075857757502918385373
0.0074131024130091741423
0.0072443596007499000411
0.0070794578438413795218
0.0069183097091893644426
0.0067608297539198183856
0.006606934480075959959
0.0064565422903465549687
0.0063095734448019328774
0.0061659500186148222603
0.0060255958607435778848
0.0058884365535558898588
0.0057543993733715700922
0.0056234132519034909711
0.0054954087385762455387
0.0053703179637025278206
0.0052480746024977254632
0.0051286138399136487961
0.0050118723362727228901
0.0048977881936844618396
0.0047863009232263836398
0.0046773514128719819935
0.0045708818961487504215
0.0044668359215096313519
0.0043651583224016601154
0.0042657951880159267893
0.0041686938347033544033
0.0040738027780411268167
0.0039810717055349725477
0.0038904514499428057353
0.0038018939632056122577
0.0037153522909717253374
0.0036307805477010131334
0.0035481338923357549561
0.0034673685045253162425
0.0033884415613920251635
0.0033113112148259109084
0.0032359365692962828789
0.0031622776601683789607
0.0030902954325135907621
0.0030199517204020161383
0.0029512092266663859583
0.0028840315031266059234
0.002818382931264453925
0.0027542287033381664119
0.00269153480392691569
0.0026302679918953821708
0.0025703957827688641083
0.0025118864315095798707
0.0024547089156850302946
0.0023988329190194907642
0.0023442288153199221032
0.0022908676527677728114
0.0022387211385683394686
0.0021877616239495524877
0.0021379620895022322102
0.0020892961308540394447
0.0020417379446695292991
0.0019952623149688797875
0.0019498445997580453673
0.0019054607179632471105
0.0018620871366628673378
0.0018197008586099835091
0.0017782794100389229686
0.0017378008287493753974
0.0016982436524617442429
0.001659586907437560644
0.0016218100973589299509
0.0015848931924611134314
0.0015488166189124813292
0.0015135612484362083105
0.001479108388168207458
0.0014454397707459275529
0.0014125375446227541806
0.0013803842646028848667
0.0013489628825916536153
0.0013182567385564070758
0.0012882495516931338764
0.001258925411794167273
0.0012302687708123816613
0.0012022644346174127857
0.0011748975549395294926
0.0011481536214968826679
0.00112201845430196347
0.0010964781961431849331
0.0010715193052376064016
0.0010471285480508996189
0.0010232929922807541736
0.0010000000000000000208
0.00097723722095581066344
0.00095499258602143590694
0.00093325430079699105406
0.00091201083935590974549
0.00089125093813374560697
0.00087096358995608061295
0.00085113803820237646496
0.00083176377110267098527
0.00081283051616409926401
0.00079432823472428142238
0.0007762471166286917133
0.00075857757502918374531
0.00074131024130091752265
0.0007244359600749901559
0.00070794578438413790882
0.00069183097091893644426
0.00067608297539198175183
0.00066069344800759603926
0.00064565422903465556192
0.00063095734448019320101
0.00061659500186148216098
0.00060255958607435768006
0.00058884365535558894252
0.00057543993733715685743
0.00056234132519034909711
0.00054954087385762455387
0.00053703179637025271701
0.00052480746024977261138
0.00051286138399136483625
0.00050118723362727231069
0.00048977881936844620565
0.00047863009232263837483
0.00046773514128719818851
0.00045708818961487509636
0.00044668359215096315688
0.00043651583224016594648
0.00042657951880159267893
0.00041686938347033539697
0.0004073802778041127684
0.00039810717055349724392
0.00038904514499428060606
0.00038018939632056123661
0.00037153522909717253374
0.00036307805477010134587
0.00035481338923357543056
0.00034673685045253163509
0.00033884415613920251635
0.00033113112148259110168
0.00032359365692962826621
0.00031622776601683793944
0.00030902954325135909789
0.00030199517204020163551
0.00029512092266663857414
0.00028840315031266060318
0.00028183829312644533829
0.00027542287033381667371
0.00026915348039269155816
0.0002630267991895381954
0.00025703957827688636746
0.00025118864315095800876
0.00024547089156850307283
0.000239883291901949071
0.000234422881531992232
0.00022908676527677731367
0.00022387211385683394144
0.00021877616239495523793
0.00021379620895022321018
0.00020892961308540395531
0.00020417379446695290281
0.00019952623149688795707
0.00019498445997580453131
0.00019054607179632470563
0.00018620871366628675547
0.00018197008586099831838
0.00017782794100389226976
0.00017378008287493752347
0.00016982436524617442971
0.00016595869074375604272
0.00016218100973589301135
0.00015848931924611136483
0.00015488166189124813292
0.00015135612484362082563
0.00014791083881682075664
0.00014454397707459274445
0.00014125375446227543433
0.0001380384264602884921
0.00013489628825916536153
0.000131825673855640713
0.00012882495516931339306
0.00012589254117941671646
0.00012302687708123816071
0.00012022644346174129755
0.0001174897554939529601
0.00011481536214968828034
0.00011220184543019634158
0.00010964781961431850144
0.00010715193052376064287
0.00010471285480508994833
0.00010232929922807541194
0.00010000000000000000479
9.7723722095581069054e-05
9.5499258602143593405e-05
9.3325430079699113538e-05
9.1201083935590977259e-05
8.9125093813374560697e-05
8.7096358995608055874e-05
8.5113803820237635654e-05
8.3176377110267103948e-05
8.1283051616409931822e-05
7.943282347242815308e-05
7.7624711662869165909e-05
7.5857757502918385373e-05
7.4131024130091749554e-05
7.2443596007499007458e-05
7.0794578438413785461e-05
6.9183097091893652557e-05
6.7608297539198175183e-05
6.6069344800759593084e-05
6.4565422903465558902e-05
6.3095734448019320101e-05
6.1659500186148210677e-05
6.0255958607435778848e-05
5.8884365535558901028e-05
5.7543993733715691164e-05
5.6234132519034913777e-05
5.4954087385762460808e-05
5.3703179637025270346e-05
5.2480746024977259782e-05
5.128613839913648769e-05
5.0118723362727231069e-05
4.897788193684462192e-05
4.7863009232263837483e-05
4.677351412871981614e-05
4.570881896148750286e-05
4.4668359215096307556e-05
4.3651583224016600069e-05
4.2657951880159263828e-05
4.1686938347033538341e-05
4.073802778041127413e-05
3.9810717055349721682e-05
3.890451449942805925e-05
3.8018939632056123661e-05
3.715352290971725744e-05
3.6307805477010133232e-05
3.5481338923357547122e-05
3.4673685045253167575e-05
3.3884415613920255701e-05
3.3113112148259110168e-05
3.2359365692962822555e-05
3.1622776601683795299e-05
3.0902954325135907078e-05
3.0199517204020161519e-05
2.9512092266663857414e-05
2.8840315031266059641e-05
2.8183829312644538572e-05
2.7542287033381663305e-05
2.6915348039269156494e-05
2.6302679918953817507e-05
2.5703957827688634713e-05
2.5118864315095798165e-05
2.4547089156850305928e-05
2.39883291901949071e-05
2.3442288153199221845e-05
2.2908676527677728657e-05
2.2387211385683396177e-05
2.1877616239495525826e-05
2.1379620895022319663e-05
2.0892961308540392143e-05
2.0417379446695294346e-05
1.9952623149688796385e-05
1.9498445997580452453e-05
1.9054607179632470563e-05
1.8620871366628674191e-05
1.8197008586099833871e-05
1.7782794100389229009e-05
1.7378008287493753703e-05
1.6982436524617442294e-05
1.6595869074375608338e-05
1.6218100973589298424e-05
1.584893192461113445e-05
1.548816618912481397e-05
1.5135612484362081546e-05
1.4791083881682074987e-05
1.4454397707459275122e-05
1.41253754462275414e-05
1.3803842646028848871e-05
1.3489628825916534797e-05
1.3182567385564070961e-05
1.2882495516931339983e-05
1.2589254117941671307e-05
1.2302687708123815732e-05
1.2022644346174128399e-05
1.1748975549395295672e-05
1.1481536214968827357e-05
1.1220184543019635174e-05
1.0964781961431850144e-05
1.0715193052376064965e-05
1.0471285480508995511e-05
1.0232929922807541533e-05
1.0000000000000000818e-05
9.772372209558107583e-06
9.5499258602143586628e-06
9.3325430079699093209e-06
9.1201083935590963707e-06
8.9125093813374543756e-06
8.7096358995608072815e-06
8.5113803820237649207e-06
8.3176377110267093784e-06
8.1283051616409931822e-06
7.9432823472428149692e-06
7.7624711662869176073e-06
7.5857757502918373514e-06
7.4131024130091754636e-06
7.2443596007498998988e-06
7.0794578438413792237e-06
6.9183097091893650863e-06
6.7608297539198180265e-06
6.6069344800759601555e-06
6.4565422903465548738e-06
6.3095734448019321795e-06
6.1659500186148219147e-06
6.0255958607435773766e-06
5.8884365535558892557e-06
5.7543993733715692859e-06
5.6234132519034912083e-06
5.4954087385762459114e-06
5.3703179637025266958e-06
5.2480746024977256394e-06
5.1286138399136489384e-06
5.0118723362727232764e-06
4.8977881936844616838e-06
4.7863009232263834094e-06
4.6773514128719821223e-06
4.5708818961487501166e-06
4.4668359215096312638e-06
4.3651583224016600069e-06
4.2657951880159265522e-06
4.1686938347033540035e-06
4.0738027780411272436e-06
3.981071705534972507e-06
3.890451449942805925e-06
3.8018939632056123661e-06
3.7153522909717254898e-06
3.630780547701013662e-06
3.5481338923357546275e-06
3.4673685045253159951e-06
3.3884415613920254007e-06
3.3113112148259111015e-06
3.2359365692962821708e-06
3.1622776601683796146e-06
3.0902954325135901996e-06
3.0199517204020163213e-06
2.9512092266663858261e-06
2.8840315031266058794e-06
2.8183829312644538572e-06
2.7542287033381667541e-06
2.69153480392691548e-06
2.6302679918953820895e-06
2.5703957827688638101e-06
2.5118864315095801553e-06
2.4547089156850305081e-06
2.3988329190194905406e-06
2.3442288153199221845e-06
2.2908676527677730351e-06
2.2387211385683392789e-06
2.1877616239495525826e-06
2.1379620895022322204e-06
2.0892961308540398072e-06
2.0417379446695294346e-06
1.9952623149688795537e-06
1.9498445997580454147e-06
1.9054607179632470563e-06
1.8620871366628675038e-06
1.8197008586099832177e-06
1.7782794100389226891e-06
1.7378008287493752856e-06
1.698243652461744187e-06
1.6595869074375607067e-06
1.6218100973589299695e-06
1.5848931924611136567e-06
1.5488166189124813123e-06
1.5135612484362082393e-06
1.4791083881682074987e-06
1.4454397707459273005e-06
1.41253754462275414e-06
1.3803842646028848447e-06
1.3489628825916537339e-06
1.3182567385564071808e-06
1.2882495516931339136e-06
1.2589254117941671731e-06
1.2302687708123815732e-06
1.2022644346174127552e-06
1.1748975549395295672e-06
1.1481536214968827357e-06
1.1220184543019634751e-06
1.0964781961431850991e-06
1.0715193052376063694e-06
1.0471285480508995935e-06
1.0232929922807541533e-06
9.9999999999999995475e-07
9.772372209558106736e-07
9.5499258602143603569e-07
9.3325430079699103797e-07
9.1201083935590974295e-07
8.9125093813374560697e-07
8.7096358995608066462e-07
8.5113803820237640736e-07
8.3176377110267098019e-07
8.1283051616409921234e-07
7.9432823472428145456e-07
7.7624711662869167603e-07
7.5857757502918377749e-07
7.4131024130091754636e-07
7.2443596007499005341e-07
7.0794578438413800707e-07
6.9183097091893650863e-07
6.7608297539198180265e-07
6.6069344800759601555e-07
6.4565422903465550856e-07
6.3095734448019328148e-07
6.1659500186148219147e-07
6.0255958607435773766e-07
5.8884365535558892557e-07
5.7543993733715697094e-07
5.6234132519034903613e-07
5.4954087385762459114e-07
5.3703179637025275428e-07
5.2480746024977264865e-07
5.1286138399136491502e-07
5.0118723362727228528e-07
4.8977881936844618955e-07
4.7863009232263829859e-07
4.6773514128719820164e-07
4.5708818961487505401e-07
4.4668359215096316873e-07
4.3651583224016593717e-07
4.2657951880159264463e-07
4.1686938347033541094e-07
4.0738027780411276671e-07
3.9810717055349729305e-07
3.890451449942805925e-07
3.8018939632056120485e-07
3.7153522909717252781e-07
3.630780547701013662e-07
3.548133892335754204e-07
3.4673685045253164187e-07
3.3884415613920252948e-07
3.3113112148259105721e-07
3.2359365692962827002e-07
3.1622776601683791911e-07
3.0902954325135903055e-07
3.0199517204020160036e-07
2.9512092266663856144e-07
2.8840315031266056676e-07
2.8183829312644538572e-07
2.7542287033381663305e-07
2.6915348039269159035e-07
2.6302679918953820895e-07
2.5703957827688637043e-07
2.5118864315095801553e-07
2.4547089156850304022e-07
2.3988329190194903288e-07
2.3442288153199219727e-07
2.2908676527677731939e-07
2.2387211385683395965e-07
2.1877616239495524238e-07
2.1379620895022321675e-07
2.0892961308540395425e-07
2.0417379446695293817e-07
1.9952623149688795008e-07
1.9498445997580452559e-07
1.9054607179632472152e-07
1.8620871366628677156e-07
1.8197008586099834824e-07
1.7782794100389226891e-07
1.7378008287493753914e-07
1.6982436524617442929e-07
1.6595869074375607067e-07
1.6218100973589298107e-07
1.5848931924611135509e-07
1.5488166189124813123e-07
1.5135612484362082923e-07
1.4791083881682073928e-07
1.4454397707459276181e-07
1.41253754462275414e-07
1.3803842646028849506e-07
1.3489628825916535221e-07
1.3182567385564071808e-07
1.2882495516931340195e-07
1.258925411794167226e-07
1.2302687708123814673e-07
1.202264434617412967e-07
1.1748975549395295407e-07
1.1481536214968826033e-07
1.1220184543019635545e-07
1.0964781961431848874e-07
1.0715193052376064224e-07
1.0471285480508994611e-07
1.0232929922807541533e-07
9.9999999999999995475e-08
9.7723722095581070007e-08
9.5499258602143582393e-08
9.3325430079699111738e-08
9.1201083935590976942e-08
8.9125093813374563344e-08
8.7096358995608074403e-08
8.511380382023764603e-08
8.3176377110267100666e-08
8.1283051616409923881e-08
7.9432823472428153397e-08
7.762471166286917025e-08
7.5857757502918383043e-08
7.4131024130091751989e-08
7.2443596007499007988e-08
7.0794578438413795413e-08
6.9183097091893650863e-08
6.7608297539198182912e-08
6.6069344800759601555e-08
6.4565422903465556149e-08
6.3095734448019322854e-08
6.1659500186148219147e-08
6.0255958607435768472e-08
5.8884365535558895204e-08
5.75439937337156918e-08
5.6234132519034911554e-08
5.4954087385762456467e-08
5.3703179637025278075e-08
5.2480746024977264865e-08
5.1286138399136480914e-08
5.0118723362727229852e-08
4.8977881936844620279e-08
4.7863009232263828536e-08
4.6773514128719821487e-08
4.570881896148749746e-08
4.4668359215096312903e-08
4.3651583224016599011e-08
4.2657951880159265786e-08
4.1686938347033542418e-08
4.0738027780411274024e-08
3.9810717055349722688e-08
3.8904514499428063221e-08
3.8018939632056119161e-08
3.7153522909717252781e-08
3.6307805477010135296e-08
3.5481338923357544687e-08
3.4673685045253164187e-08
3.3884415613920252948e-08
3.3113112148259111015e-08
3.2359365692962828326e-08
3.1622776601683791911e-08
3.0902954325135907026e-08
3.019951720402016136e-08
2.951209226666385482e-08
2.8840315031266057338e-08
2.8183829312644537249e-08
2.7542287033381665952e-08
2.691534803926915705e-08
2.6302679918953820895e-08
2.5703957827688636381e-08
2.51188643150958042e-08
2.4547089156850302037e-08
2.3988329190194907259e-08
2.3442288153199221051e-08
2.2908676527677729292e-08
2.2387211385683397951e-08
2.1877616239495527547e-08
2.1379620895022318366e-08
2.0892961308540394763e-08
2.0417379446695293817e-08
1.9952623149688796332e-08
1.9498445997580453883e-08
1.9054607179632472152e-08
1.8620871366628672524e-08
1.8197008586099835486e-08
1.7782794100389228215e-08
1.7378008287493756561e-08
1.6982436524617445576e-08
1.6595869074375607067e-08
1.6218100973589300092e-08
1.584893192461113617e-08
1.5488166189124814446e-08
1.5135612484362082261e-08
1.4791083881682073928e-08
1.445439770745927585e-08
1.4125375446227544047e-08
1.3803842646028847521e-08
1.3489628825916535883e-08
1.3182567385564071146e-08
1.2882495516931339864e-08
1.2589254117941672591e-08
1.2302687708123814342e-08
1.2022644346174128677e-08
1.1748975549395294083e-08
1.1481536214968828349e-08
1.1220184543019635214e-08
1.096478196143185119e-08
1.0715193052376064554e-08
1.047128548050899428e-08
1.023292992280754054e-08
1.0000000000000000209e-08
9.7723722095581060081e-09
9.5499258602143602246e-09
9.3325430079699098503e-09
9.1201083935590967016e-09
8.91250938133745468e-09
8.7096358995608064477e-09
8.5113803820237636104e-09
8.3176377110267103975e-09
8.128305161640992719e-09
7.9432823472428153397e-09
7.7624711662869173558e-09
7.5857757502918373117e-09
7.4131024130091756952e-09
7.2443596007499003025e-09
7.0794578438413802031e-09
6.9183097091893650863e-09
6.760829753919817464e-09
6.6069344800759601555e-09
6.4565422903465549532e-09
6.3095734448019321199e-09
6.1659500186148214184e-09
6.0255958607435780053e-09
5.8884365535558903476e-09
5.7543993733715693454e-09
5.6234132519034909899e-09
5.4954087385762454812e-09
5.3703179637025271458e-09
5.2480746024977254938e-09
5.1286138399136484223e-09
5.0118723362727229852e-09
4.8977881936844625242e-09
4.7863009232263835153e-09
4.6773514128719823142e-09
4.5708818961487500769e-09
4.4668359215096309594e-09
4.3651583224016595702e-09
4.2657951880159272404e-09
4.1686938347033542418e-09
4.073802778041127237e-09
3.9810717055349722688e-09
3.8904514499428058258e-09
3.8018939632056117507e-09
3.7153522909717255262e-09
3.6307805477010135296e-09
3.548133892335754965e-09
3.4673685045253166668e-09
3.3884415613920257084e-09
3.3113112148259111015e-09
3.2359365692962828326e-09
3.1622776601683791084e-09
3.0902954325135906198e-09
3.0199517204020163014e-09
2.9512092266663858956e-09
2.8840315031266058992e-09
2.8183829312644538903e-09
2.7542287033381662644e-09
2.6915348039269154568e-09
2.6302679918953820068e-09
2.5703957827688638035e-09
2.5118864315095799237e-09
2.4547089156850303691e-09
2.3988329190194901468e-09
2.3442288153199221051e-09
2.2908676527677732601e-09
2.2387211385683393815e-09
2.1877616239495525892e-09
2.137962089502232002e-09
2.0892961308540397245e-09
2.0417379446695296298e-09
1.9952623149688794677e-09
1.9498445997580453055e-09
1.9054607179632472979e-09
1.8620871366628674178e-09
1.8197008586099835072e-09
1.7782794100389228215e-09
1.7378008287493756148e-09
1.6982436524617445576e-09
1.6595869074375606654e-09
1.6218100973589300092e-09
1.5848931924611134102e-09
1.5488166189124811137e-09
1.513561248436208102e-09
1.4791083881682074341e-09
1.4454397707459274196e-09
1.412537544622754446e-09
1.3803842646028848762e-09
1.3489628825916537123e-09
1.3182567385564071973e-09
1.2882495516931339037e-09
1.2589254117941670937e-09
1.2302687708123815583e-09
1.202264434617412785e-09
1.1748975549395294911e-09
1.1481536214968827936e-09
1.1220184543019634387e-09
1.0964781961431851603e-09
1.0715193052376065382e-09
1.0471285480508994694e-09
1.023292992280754054e-09
