1
1
1
1
1
1
1
1
1
1
1
1
1
1
1
1
1
1
1
1
1
1
1
1
1
1
1
1
1
1
1
1
1
1
1
1
1
1
1
1
1
1
1
1
1
1
1
1
1
1
1
1
1
1
1
1
1
1
1
1
1
1
1
1
1
1
1
1
1
1
1
1
1
1
1
1
1
1
1
1
1
1
1
1
1
1
1
1
1
1
1
1
1
1
1
1
1
1
1
1
1
1
1
1
1
1
1
1
1
1
1
1
1
1
1
1
1
1
1
1
1
1
1
1
1
1
1
1
1
1
1
1
1
1
1
1
1
1
1
1
1
1
1
1
1
1
1
1
1
1
1
1
1
1
1
1
1
1
1
1
1
1
1
1
1
1
1
1
1
1
1
1
1
1
1
1
1
1
1
1
1
1
1
1
1
1
1
1
1
1
1
1
1
1
1
1
1
1
1
1
1
1
1
1
1
1
1
1
1
1
1
1
1
1
1
1
1
1
1
1
1
1
1
1
1
1
1
1
1
1
1
1
1
1
1
1
1
1
1
1
1
1
1
1
1
1
1
1
1
1
1
1
1
1
1
1
1
1
1
1
1
1
1
1
1
1
1
1
1
1
1
1
1
1
1
1
1
1
1
1
1
1
1
1
1
1
1
1
1
1
1
1
1
1
1
1
1
1
1
1
1
1
1
1
1
1
1
1
1
1
1
1
1
1
1
1
1
1
1
1
1
1
1
1
1
1
1
1
1
1
1
1
1
1
1
1
1
1
1
1
1
1
1
1
1
1
1
1
1
1
1
1
1
1
1
1
1
1
1
1
1
1
1
1
1
1
1
1
1
1
1
1
1
1
1
1
1
1
1
1
1
1
1
1
1
1
1
1
1
1
1
1
1
1
1
1
1
1
1
1
1
1
1
1
1
1
1
1
1
1
1
1
1
1
1
1
1
1
1
1
1
1
1
1
1
1
1
1
1
1
1
1
1
1
1
1
1
1
1
1
1
1
1
1
1
1
1
1
1
1
1
1
1
1
1
1
1
1
1
1
1
1
1
1
1
1
1
1
1
1
1
1
1
1
1
1
1
1
1
1
1
1
1
1
1
1
1
1
1
1
1
1
1
1
1
1
1
1
1
1
1
1
1
1
1
1
1
1
1
1
1
1
1
1
1
1
1
1
1
1
1
1
1
1
1
1
1
1
1
1
1
1
1
1
1
1
1
1
1
1
1
1
1
1
1
1
1
1
1
1
1
1
1
1
1
1
1
1
1
1
1
1
1
1
1
1
1
1
1
1
1
1
1
1
1
1
1
1
1
1
1
1
1
1
1
1
1
1
1
1
1
1
1
1
1
1
1
1
1
1
1
1
1
1
1
1
1
1
1
1
1
1
1
1
1
1
1
1
1
1
1
1
1
1
1
1
1
1
1
1
1
1
1
1
1
1
1
1
1
1
1
1
1
1
1
1
1
1
1
1
1
1
1
1
1
1
1
1
1
1
1
1
1
1
1
1
1
1
1
1
1
1
1
1
1
1
1
1
1
1
1
1
1
1
1
1
1
1
1
1
1
1
1
1
1
1
1
1
1
1
1
1
1
1
1
1
1
1
1
1
1
1
1
1
1
1
1
1
1
1
1
1
1
1
1
1
1
1
1
1
1
1
1
1
1
1
1
1
1
1
1
1
1
1
1
1
1
1
1
1
1
1
1
1
1
1
1
1
1
1
1
1
1
1
1
1
1
1
1
1
1
1
1
1
1
1
1
1
1
1
1
1
1
1
1
1
1
1
1
1
1
1
1
1
1
1
1
1
1
1
1
1
1
1
1
1
1
1
1
1
1
1
1
1
1
1
1
1
1
1
1
1
1
1
1
1
1
1
1
1
1
1
1
1
1
1
1
1
1
1
1
1
1
1
1
1
1
1
1
1
1
1
1
1
1
1
1
1
1
1
1
1
1
1
1
1
1
1
1
1
1
1
1
1
1
1
1
1
1
1
1
1
1
1
1
1
1
1
1
1
1
1
1
1
1
1
1
1
1
1
1
1
1
1
1
1
1
1
1
1
1
1
1
1
1
1
1
1
1
1
1
1
1
1
1
1
1
1
1
1
1
1
1
1
1
1
1
1
1
1
1
1
1
1
1
1
1
1
1
1
1
1
1
1
1
1
1
1
1
1
1
1
1
1
1
1
1
1
1
1
1
1
1
1
1
1
1
1
1
1
1
1
1
1
1
1
1
1
1
1
1
1
1
1
1
1
1
1
1
1
1
1
1
1
1
1
1
1
1
1
1
1
1
1
1
1
1
1
1
1
1
1
1
1
1
1
1
1
1
1
1
1
1
1
1
1
1
1
1
1
1
1
1
1
1
1
1
1
1
1
1
1
1
1
1
1
1
1
1
1
1
1
1
1
1
1
1
1
1
1
1
1
1
1
1
1
1
1
1
1
1
1
1
1
1
1
1
1
1
1
1
1
1
1
1
1
1
1
1
1
1
1
1
1
1
1
1
1
1
1
1
1
1
1
1
1
1
1
1
1
1
1
1
1
1
1
1
1
1
1
1
1
1
1
1
1
1
1
1
1
1
1
1
1
1
1
1
1
1
1
1
1
1
1
1
1
1
1
1
1
1
1
1
1
1
1
1
1
1
1
1
1
1
1
1
1
1
1
1
1
1
1
1
1
1
1
1
1
1
1
1
1
1
1
1
1
1
1
1
1
1
1
1
1
1
1
1
1
1
1
1
1
1
1
1
1
1
1
1
1
1
1
1
1
1
1
1
1
1
1
1
1
1
1
1
1
1
1
1
1
1
1
1
1
1
1
1
1
1
1
1
1
1
1
1
1
1
1
1
1
1
1
1
1
1
1
1
1
1
1
1
1
1
1
1
1
1
1
1
1
1
1
1
1
1
1
1
1
1
1
1
1
1
1
1
1
1
1
1
1
1
1
1
1
1
1
1
1
1
1
1
1
1
1
1
1
1
1
1
1
1
1
1
1
1
1
1
1
1
1
1
1
1
1
1
1
1
1
1
1
1
1
1
1
1
1
1
1
1
1
1
1
1
1
1
1
1
1
1
1
1
1
1
1
1
1
1
1
1
1
1
1
1
1
1
1
1
1
1
1
1
1
1
1
1
1
1
1
1
1
1
1
1
1
1
1
1
1
1
1
1
1
1
1
1
1
1
1
1
1
1
1
1
1
1
1
1
1
1
1
1
1
1
1
1
1
1
1
1
1
1
1
1
1
1
1
1
1
1
1
1
1
1
1
1
1
1
1
1
1
1
1
1
1
1
1
1
1
1
1
1
1
1
1
1
0.99999999999999977796
0.99999999999999977796
0.99999999999999977796
0.99999999999999977796
0.99999999999999977796
0.99999999999999977796
0.99999999999999977796
0.99999999999999977796
0.99999999999999977796
0.99999999999999977796
0.99999999999999966693
0.99999999999999966693
0.99999999999999966693
0.99999999999999966693
0.99999999999999966693
0.99999999999999966693
0.99999999999999966693
0.99999999999999966693
0.99999999999999966693
0.99999999999999966693
0.99999999999999966693
0.99999999999999966693
0.99999999999999966693
0.99999999999999966693
0.99999999999999966693
0.99999999999999955591
0.99999999999999955591
0.99999999999999955591
0.99999999999999955591
0.99999999999999955591
0.99999999999999955591
0.99999999999999955591
0.99999999999999955591
0.99999999999999955591
0.99999999999999955591
0.99999999999999944489
0.99999999999999944489
0.99999999999999944489
0.99999999999999944489
0.99999999999999944489
0.99999999999999944489
0.99999999999999944489
0.99999999999999944489
0.99999999999999944489
0.99999999999999933387
0.99999999999999933387
0.99999999999999933387
0.99999999999999933387
0.99999999999999933387
0.99999999999999933387
0.99999999999999933387
0.99999999999999922284
0.99999999999999922284
0.99999999999999922284
0.99999999999999922284
0.99999999999999922284
0.99999999999999922284
0.99999999999999922284
0.99999999999999911182
0.99999999999999911182
0.99999999999999911182
0.99999999999999911182
0.99999999999999911182
0.9999999999999990008
0.9999999999999990008
0.9999999999999990008
0.9999999999999990008
0.9999999999999990008
0.99999999999999888978
0.99999999999999888978
0.99999999999999888978
0.99999999999999888978
0.99999999999999877875
0.99999999999999877875
0.99999999999999877875
0.99999999999999877875
0.99999999999999866773
0.99999999999999866773
0.99999999999999866773
0.99999999999999866773
0.99999999999999855671
0.99999999999999855671
0.99999999999999855671
0.99999999999999844569
0.99999999999999844569
0.99999999999999844569
0.99999999999999833467
0.99999999999999833467
0.99999999999999833467
0.99999999999999822364
0.99999999999999822364
0.99999999999999822364
0.99999999999999811262
0.99999999999999811262
0.9999999999999980016
0.9999999999999980016
0.9999999999999980016
0.99999999999999789058
0.99999999999999789058
0.99999999999999777955
0.99999999999999777955
0.99999999999999766853
0.99999999999999766853
0.99999999999999755751
0.99999999999999755751
0.99999999999999744649
0.99999999999999744649
0.99999999999999733546
0.99999999999999733546
0.99999999999999722444
0.99999999999999722444
0.99999999999999711342
0.9999999999999970024
0.9999999999999970024
0.99999999999999689138
0.99999999999999689138
0.99999999999999678035
0.99999999999999666933
0.99999999999999666933
0.99999999999999655831
0.99999999999999644729
0.99999999999999633626
0.99999999999999633626
0.99999999999999622524
0.99999999999999611422
0.9999999999999960032
0.99999999999999589217
0.99999999999999589217
0.99999999999999578115
0.99999999999999567013
0.99999999999999555911
0.99999999999999544809
0.99999999999999533706
0.99999999999999522604
0.99999999999999511502
0.999999999999995004
0.99999999999999489297
0.99999999999999478195
0.99999999999999467093
0.99999999999999455991
0.99999999999999433786
0.99999999999999422684
0.99999999999999411582
0.9999999999999940048
0.99999999999999389377
0.99999999999999367173
0.99999999999999356071
0.99999999999999344968
0.99999999999999322764
0.99999999999999311662
0.99999999999999289457
0.99999999999999278355
0.99999999999999256151
0.99999999999999245048
0.99999999999999222844
0.99999999999999211742
0.99999999999999189537
0.99999999999999167333
0.99999999999999156231
0.99999999999999134026
0.99999999999999111822
0.99999999999999089617
0.99999999999999067413
0.99999999999999045208
0.99999999999999023004
0.99999999999999000799
0.99999999999998978595
0.9999999999999895639
0.99999999999998934186
0.99999999999998900879
0.99999999999998878675
0.9999999999999885647
0.99999999999998823164
0.99999999999998800959
0.99999999999998767652
0.99999999999998745448
0.99999999999998712141
0.99999999999998689937
0.9999999999999865663
0.99999999999998623323
0.99999999999998590017
0.9999999999999855671
0.99999999999998523403
0.99999999999998490097
0.9999999999999845679
0.99999999999998423483
0.99999999999998379074
0.99999999999998345768
0.99999999999998301359
0.99999999999998268052
0.99999999999998223643
0.99999999999998179234
0.99999999999998145928
0.99999999999998101519
0.9999999999999805711
0.99999999999998012701
0.99999999999997968292
0.99999999999997912781
0.99999999999997868372
0.99999999999997812861
0.99999999999997768452
0.99999999999997712941
0.99999999999997657429
0.99999999999997601918
0.99999999999997546407
0.99999999999997490896
0.99999999999997435385
0.99999999999997379874
0.9999999999999731326
0.99999999999997257749
0.99999999999997191136
0.99999999999997124522
0.99999999999997057909
0.99999999999996991296
0.9999999999999691358
0.99999999999996846967
0.99999999999996769251
0.99999999999996691535
0.99999999999996624922
0.99999999999996536104
0.99999999999996458389
0.99999999999996380673
0.99999999999996291855
0.99999999999996203037
0.99999999999996114219
0.99999999999996025402
0.99999999999995936584
0.99999999999995836664
0.99999999999995747846
0.99999999999995647926
0.99999999999995548006
0.99999999999995436983
0.99999999999995337063
0.99999999999995226041
0.99999999999995115019
0.99999999999995003996
0.99999999999994881872
0.99999999999994759747
0.99999999999994637623
0.99999999999994515498
0.99999999999994393374
0.99999999999994260147
0.9999999999999412692
0.99999999999993993693
0.99999999999993849364
0.99999999999993705035
0.99999999999993560706
0.99999999999993405275
0.99999999999993249844
0.99999999999993094413
0.99999999999992938982
0.99999999999992772448
0.99999999999992605915
0.99999999999992428279
0.99999999999992250643
0.99999999999992073008
0.99999999999991895372
0.99999999999991706634
0.99999999999991506794
0.99999999999991306954
0.99999999999991107114
0.99999999999990896171
0.99999999999990685229
0.99999999999990474286
0.99999999999990252242
0.99999999999990019095
0.99999999999989785948
0.99999999999989552801
0.99999999999989308552
0.99999999999989064303
0.99999999999988808952
0.99999999999988542498
0.99999999999988276045
0.99999999999988009591
0.99999999999987720933
0.99999999999987443378
0.99999999999987143617
0.99999999999986843857
0.99999999999986544097
0.99999999999986233234
0.9999999999998591127
0.99999999999985578203
0.99999999999985245136
0.99999999999984900967
0.99999999999984545695
0.99999999999984190424
0.99999999999983824051
0.99999999999983446575
0.99999999999983057997
0.99999999999982658316
0.99999999999982258636
0.99999999999981847854
0.99999999999981425969
0.99999999999980992982
0.99999999999980548893
0.99999999999980093701
0.99999999999979627407
0.99999999999979161114
0.99999999999978672616
0.99999999999978173015
0.99999999999977662313
0.99999999999977140508
0.99999999999976618703
0.99999999999976063592
0.9999999999997550848
0.99999999999974942266
0.99999999999974353848
0.99999999999973754328
0.99999999999973143705
0.9999999999997252198
0.99999999999971878051
0.99999999999971223019
0.99999999999970556885
0.99999999999969868547
0.99999999999969169107
0.99999999999968447462
0.99999999999967714714
0.99999999999966970865
0.99999999999966193709
0.99999999999965405451
0.9999999999996460609
0.99999999999963773423
0.99999999999962929653
0.99999999999962074781
0.99999999999961186603
0.99999999999960287322
0.99999999999959354735
0.99999999999958411045
0.99999999999957445151
0.99999999999956457053
0.99999999999955435648
0.9999999999995440314
0.99999999999953337326
0.99999999999952249308
0.99999999999951139085
0.99999999999949995555
0.99999999999948829821
0.99999999999947641882
0.99999999999946420637
0.99999999999945177187
0.99999999999943900431
0.99999999999942590367
0.999999999999412581
0.99999999999939881423
0.99999999999938482542
0.99999999999937050355
0.9999999999993558486
0.99999999999934086059
0.99999999999932553951
0.99999999999930977435
0.99999999999929367611
0.99999999999927724481
0.99999999999926048044
0.99999999999924327199
0.99999999999922561944
0.99999999999920752281
0.9999999999991890931
0.99999999999917021931
0.99999999999915090143
0.99999999999913113946
0.99999999999911082238
0.99999999999909017223
0.99999999999906896697
0.99999999999904731762
0.99999999999902511316
0.99999999999900235359
0.99999999999897914993
0.99999999999895539116
0.99999999999893096625
0.99999999999890609725
0.99999999999888067315
0.99999999999885458291
0.99999999999882793755
0.99999999999880062607
0.99999999999877264845
0.99999999999874400469
0.99999999999871480583
0.99999999999868482981
0.99999999999865418765
0.99999999999862287936
0.99999999999859079391
0.99999999999855793131
0.99999999999852440258
0.99999999999848998566
0.99999999999845490262
0.99999999999841882037
0.99999999999838207199
0.9999999999983443244
0.99999999999830579966
0.99999999999826627572
0.99999999999822597463
0.99999999999818456331
0.99999999999814237484
0.99999999999809907614
0.99999999999805477824
0.99999999999800948114
0.99999999999796307382
0.99999999999791566729
0.99999999999786715055
0.99999999999781741256
0.99999999999776656434
0.9999999999977146059
0.9999999999976613152
0.99999999999760680325
0.99999999999755107005
0.99999999999749411561
0.99999999999743571788
0.99999999999737598788
0.99999999999731481459
0.99999999999725230904
0.99999999999718824917
0.99999999999712274601
0.99999999999705579956
0.99999999999698718778
0.99999999999691702168
0.99999999999684519025
0.99999999999677169349
0.99999999999669653139
0.99999999999661959293
0.99999999999654087812
0.99999999999646027593
0.99999999999637778636
0.99999999999629340941
0.99999999999620714508
0.99999999999611877133
0.99999999999602839917
0.99999999999593580657
0.99999999999584121557
0.9999999999957442931
0.99999999999564515019
0.99999999999554378682
0.99999999999543998097
0.99999999999533373263
0.99999999999522504179
0.99999999999511379745
0.99999999999499999959
0.99999999999488353719
0.99999999999476441026
0.99999999999464239675
0.99999999999451760768
0.99999999999438993203
0.99999999999425925878
0.99999999999412547691
0.99999999999398869743
0.99999999999384869831
0.99999999999370536852
0.99999999999355870806
0.99999999999340871693
0.99999999999325517308
0.99999999999309807652
0.99999999999293731623
0.99999999999277278118
0.99999999999260447137
0.99999999999243216475
0.99999999999225597236
0.99999999999207556112
0.99999999999189093103
0.99999999999170208209
0.99999999999150879226
0.99999999999131095052
0.99999999999110855686
0.99999999999090150027
0.99999999999068955869
0.99999999999047273214
0.99999999999025079855
0.99999999999002364692
0.99999999998979127724
0.99999999998955346747
0.99999999998931021761
0.99999999998906119458
0.9999999999888063984
0.99999999998854560701
0.99999999998827882042
0.99999999998800581658
0.99999999998772648446
0.99999999998744060203
0.99999999998714805827
0.99999999998684863112
0.99999999998654232058
0.99999999998622890462
0.99999999998590805017
0.99999999998557986824
0.99999999998524391476
0.99999999998490018971
0.99999999998454847105
0.99999999998418864777
0.99999999998382027577
0.99999999998344346608
0.9999999999830577746
0.99999999998266320134
0.9999999999822593022
0.99999999998184607719
0.99999999998142319324
0.99999999998099053933
0.99999999998054778239
0.99999999998009458935
0.99999999997963096021
0.99999999997915656191
0.99999999997867106138
0.99999999997817423658
0.99999999997766586546
0.99999999997714561495
0.99999999997661326301
0.99999999997606847657
0.99999999997551103359
0.999999999974940601
0.99999999997435695676
0.99999999997375965677
0.99999999997314836797
0.99999999997252297934
0.99999999997188293577
0.99999999997122801521
0.99999999997055777357
0.9999999999698719888
0.99999999996917021683
0.99999999996845212458
0.99999999996771726796
0.9999999999669653139
0.99999999996619581832
0.99999999996540844815
0.99999999996460275931
0.99999999996377819667
0.99999999996293453819
0.99999999996207111774
0.99999999996118760226
0.99999999996028354765
0.99999999995935850983
0.99999999995841182265
0.99999999995744315306
0.99999999995645183493
0.99999999995543742415
0.99999999995439947664
0.99999999995333732628
0.99999999995225041793
0.99999999995113808549
0.99999999994999999586
0.99999999994883537191
0.99999999994764354749
0.99999999994642407852
0.99999999994517607682
0.9999999999438990983
0.9999999999425923658
0.99999999994125510216
0.99999999993988675229
0.99999999993848653901
0.99999999993705368517
0.99999999993558752465
0.99999999993408716925
0.99999999993255184183
0.99999999993098076523
0.99999999992937316229
0.99999999992772803381
0.99999999992604460264
0.99999999992432198059
0.99999999992255916847
0.99999999992075538913
0.99999999991890953233
0.99999999991702070989
0.99999999991508781161
0.99999999991310994929
0.99999999991108601272
0.99999999990901500269
0.99999999990689569795
0.9999999999047269883
0.99999999990250776349
0.99999999990023691332
0.99999999989791310551
0.99999999989553522983
0.99999999989310184301
0.99999999989061194583
0.99999999988806398399
0.99999999988545662521
0.99999999988278853724
0.9999999998800583878
0.99999999987726451156
0.99999999987440568727
0.9999999998714802496
0.99999999986848664424
0.99999999986542320585
0.99999999986228860216
0.99999999985908083477
0.9999999998557984604
0.99999999985243959166
0.9999999998490024522
0.99999999984548526566
0.99999999984188614466
0.99999999983820320182
0.99999999983443443874
0.99999999983057796804
0.99999999982663156928
0.99999999982259335507
0.99999999981846099395
0.99999999981423237649
0.99999999980990528226
0.99999999980547737977
0.99999999980094644858
0.99999999979630982416
0.99999999979156528607
0.99999999978671028078
0.99999999978174203275
0.99999999977665821049
0.99999999977145592744
0.99999999976613240804
0.99999999976068498775
0.99999999975511055794
0.99999999974940634306
0.99999999974356934551
0.99999999973759623462
0.9999999997314841238
0.99999999972522957137
0.99999999971882935768
0.99999999971228004103
0.99999999970557817974
0.9999999996987202211
0.99999999969170250136
0.99999999968452135679
0.99999999967717290161
0.99999999966965325005
0.99999999966195851631
0.99999999965408448155
0.99999999964602714897
0.99999999963778196665
0.99999999962934482678
0.99999999962071117743
0.99999999961187646669
0.9999999996028359206
0.9999999995935847652
0.99999999958411811551
0.99999999957443097554
0.99999999956451823824
0.99999999955437457455
0.99999999954399454438
0.99999999953337281866
0.99999999952250373525
0.99999999951138140997
0.99999999949999995863
0.99999999948835349706
0.99999999947643569698
0.99999999946424034114
0.99999999945176087923
0.99999999943899076094
0.99999999942592321389
0.99999999941255124369
0.99999999939886774492
0.99999999938486561213
0.99999999937053729582
0.99999999935587524647
0.99999999934087158149
0.99999999932551852933
0.99999999930980787433
0.9999999992937311788
0.99999999927728011606
0.99999999926044580434
0.99999999924321936184
0.99999999922559168475
0.99999999920755344718
0.99999999918909499019
0.99999999917020654383
0.99999999915087822711
0.99999999913109960392
0.99999999911086034921
0.99999999909014958277
0.99999999906895642443
0.99999999904726966093
0.99999999902507774596
0.99999999900236880013
0.99999999897913105507
0.99999999895535196526
0.99999999893101898518
0.99999999890611923625
0.99999999888063939579
0.99999999885456614113
0.99999999882788559447
0.99999999880058354496
0.9999999987726455597
0.9999999987440567617
0.99999999871480216296
0.9999999986848659983
0.99999999865423261358
0.99999999862288568853
0.99999999859080856979
0.99999999855798427095
0.99999999852439536152
0.99999999849002418895
0.99999999845485232353
0.99999999841886122454
0.99999999838203168512
0.99999999834434438739
0.99999999830577923632
0.99999999826631569277
0.99999999822593310661
0.99999999818460971746
0.99999999814232387596
0.9999999980990530446
0.99999999805477424175
0.99999999800946415274
0.99999999796309857469
0.99999999791565308271
0.99999999786710236371
0.99999999781742088256
0.99999999776658199391
0.9999999977145590524
0.99999999766132430246
0.99999999760684954442
0.99999999755110591249
0.99999999749406387473
0.99999999743569312205
0.99999999737596267924
0.99999999731484101595
0.99999999725229560266
0.99999999718829335471
0.99999999712280029929
0.99999999705578168641
0.99999999698720209995
0.99999999691702501359
0.99999999684521323484
0.99999999677172890511
0.9999999966965327225
0.99999999661958516306
0.99999999654084514855
0.99999999646027104561
0.99999999637782022166
0.9999999962934488229
0.99999999620711210735
0.99999999611876444483
0.99999999602835887291
0.99999999593584742996
0.99999999584118115514
0.99999999574430975535
0.99999999564518204931
0.99999999554374530142
0.99999999543994577689
0.99999999533372851968
0.99999999522503701943
0.99999999511381387762
0.99999999500000003039
0.99999999488353508159
0.99999999476435730283
0.99999999464240352243
0.99999999451760901437
0.99999999438990772038
0.99999999425923191687
0.99999999412551221489
0.99999999398867778222
0.99999999384865612129
0.99999999370537295817
0.99999999355875224261
0.99999999340871625897
0.99999999325518562632
0.99999999309807863224
0.99999999293731223204
0.99999999277280116061
0.99999999260445804339
0.99999999243219372946
0.99999999225591695851
0.99999999207553402769
0.99999999189094945784
0.9999999917020654383
0.99999999150878171594
0.99999999131099581717
0.99999999110860293694
0.99999999090149571668
0.99999999068956435533
0.9999999904726963873
0.99999999025077701553
0.99999999002368844536
0.99999998979131032861
0.99999998955351931951
0.99999998931018951875
0.99999998906119191844
0.999999988806394291
0.99999998854566174433
0.99999998827885594466
0.99999998800583544956
0.99999998772645537493
0.99999998744056783906
0.99999998714802107447
0.99999998684866009402
0.9999999865423260248
0.99999998622885644117
0.99999998590808536481
0.99999998557984248748
0.99999998524395383726
0.99999998490024144537
0.99999998454852279117
0.99999998418861169025
0.99999998382031718425
0.99999998344344387391
0.99999998305779214114
0.99999998266315748285
0.99999998225933051099
0.99999998184609728558
0.9999999814232387596
0.99999998099053044598
0.99999998054774297263
0.99999998009464174942
0.99999997963098630205
0.99999997915653116021
0.99999997867102441429
0.9999999781742087146
0.99999997766582071623
0.99999997714559085704
0.9999999766132432466
0.99999997606849566623
0.99999997551105945792
0.99999997494063874726
0.9999999743569312205
0.99999997375962745849
0.99999997314841060359
0.99999997252295691474
0.99999997188293432426
0.99999997122800365901
0.99999997055781775224
0.99999996987202122156
0.99999996917025057996
0.99999996845213345864
0.99999996771728916212
0.99999996696532833518
0.99999996619585196367
0.99999996540845226267
0.99999996460271167731
0.99999996377820288274
0.99999996293448878415
0.99999996207112229474
0.99999996118764511444
0.99999996028358928424
0.99999995935847529882
0.99999995841181255063
0.99999995744309932988
0.99999995645182171433
0.99999995543745445747
0.99999995439945932318
0.999999953337286418
0.99999995225037230373
0.99999995113814055259
0.99999995000000163614
0.99999994883535214818
0.99999994764357436061
0.99999994642403666756
0.99999994517609214206
0.99999994389907942427
0.99999994259232116711
0.99999994125512459142
0.99999993988678070878
0.99999993848656398843
0.99999993705373202424
0.99999993558752520162
0.99999993408716592036
0.99999993255185881669
0.9999999309807899861
0.9999999293731260952
0.99999992772801493679
0.99999992604458420864
0.99999992432194140246
0.99999992255917302675
0.99999992075534460678
0.99999991890949946338
0.999999917020659157
0.99999991508782215544
0.99999991310996361182
0.99999991108603469847
0.99999990901496260687
0.99999990689564899338
0.99999990472697020127
0.99999990250777637257
0.99999990023689089291
0.99999989791310972542
0.99999989553520074459
0.99999989310190318115
0.99999989061192684492
0.99999988806395134766
0.99999988545662610306
0.99999988278856832835
0.99999988005836359939
0.99999987726456418535
0.99999987440568893771
0.99999987148022184691
0.9999998684866119314
0.99999986542327190531
0.99999986228857751236
0.99999985908086663766
0.99999985579843875261
0.99999985243955324954
0.9999998490024292197
0.999999845485244232
0.99999984188613366687
0.9999998382031889399
0.99999983443445761289
0.99999983057794106234
0.99999982663159481255
0.99999982259332631518
0.99999981846099461613
0.99999981423240846823
0.99999980990532588709
0.99999980547745270787
0.99999980094644114192
0.99999979630988877766
0.99999979156533724822
0.99999978671027089927
0.99999978174211567872
0.99999977665823724937
0.99999977145594010075
0.99999976613246577273
0.99999976068499207837
0.9999997551106303284
0.9999997494064249981
0.99999974356935183994
0.99999973759631577419
0.99999973148414988966
0.99999972522961333432
0.99999971882939009404
0.99999971228008655011
0.99999970557823014694
0.99999969872026750473
0.99999969170256242101
0.99999968452139420538
0.9999996771729550149
0.99999966965334874391
0.99999966195858847051
0.99999965408459434713
0.99999964602719126905
0.99999963778210743115
0.9999996293449709972
0.99999962071130843455
0.99999961187654218264
0.99999960283598776645
0.9999995935848520201
0.99999958411822975624
0.99999957443110165656
0.99999956451833149629
0.99999955437466325758
0.99999954399471902011
0.99999953337299474221
0.9999995225038589286
0.99999951138154874464
0.99999950000016668561
0.99999948835367835631
0.99999947643590869628
0.99999946424053876015
0.99999945176110227596
0.99999943899098264755
0.99999942592340895775
0.99999941255145252672
0.99999939886802358124
0.99999938486586681385
0.99999937053755827421
0.99999935587550070615
0.99999934087192032806
0.99999932551886205889
0.99999930980818518833
0.99999929373156015711
0.99999927728046278386
0.99999926044617049037
0.99999924321975763863
0.99999922559209031281
0.99999920755382243343
0.99999918909538976219
0.99999917020700535009
0.99999915087865454133
0.99999913110008897821
0.99999911086082204914
0.99999909015012256042
0.99999906895700951814
0.99999904727024624407
0.99999902507833371423
0.99999900236950600707
0.99999897913172242081
0.99999895535266214441
0.99999893101971704112
0.99999890611998576428
0.9999988806402660968
0.99999885456704828979
0.99999882788650829024
0.99999880058449963638
0.99999877264654646325
0.99999874405783584219
0.99999871480320978723
0.99999868486715715044
0.9999986542338054063
0.9999986228869126581
0.99999859080985820103
0.9999985579856346396
0.99999852439683822869
0.99999849002565976974
0.9999984548538753959
0.99999841886283657999
0.9999983820334604756
0.99999834434622003609
0.99999830578113291235
0.9999982663177514608
0.99999822593515208524
0.99999818461192324648
0.99999814232615513721
0.99999809905542746957
0.99999805477679770682
0.99999800946678862879
0.99999796310137700761
0.99999791565597895282
0.99999786710543880908
0.99999781742401461226
0.99999776658536465579
0.9999977145625341679
0.99999766132793987961
0.99999760685335659094
0.99999755110990118379
0.99999749406801829998
0.99999743569746391003
0.99999737596728910383
0.99999731484582488061
0.99999725230066405235
0.99999718829864447933
0.99999712280583208379
0.99999705578750219814
0.99999698720812091324
0.99999691703132720377
0.99999684521991272224
0.99999677173580259204
0.99999669654003520147
0.99999661959274122047
0.99999654085312261742
0.99999646027943112081
0.99999637782894645888
0.9999962934579524898
0.99999620712171555237
0.99999611877445948593
0.99999602836934231576
0.99999593585843071786
0.99999584119267503901
0.99999574432188287343
0.99999564519469319457
0.99999554375854815547
0.99999543995966588827
0.99999533374301208255
0.99999522505227012026
0.99999511382981176588
0.99999500001666663529
0.99999488355249077642
0.99999476437553436181
0.99999464242260971414
0.99999451762905700036
0.99999438992871059195
0.99999425925386353775
0.99999412553523170377
0.99999398870191757993
0.99999384868137197735
0.9999937053993559477
0.99999355877990125929
0.99999340874527065104
0.99999325521591531096
0.9999930981104346861
0.99999293734553129642
0.99999277283596788024
0.99999260449452187505
0.99999243223193889918
0.99999225595688601143
0.99999207557590241713
0.99999189099335106246
0.99999170211136667596
0.99999150882980492039
0.99999131104618876886
0.99999110865565421502
0.99999090155089520593
0.99999068962210591049
0.99999047275692287684
0.9999902508403657464
0.9999900237547759696
0.99998979137975452236
0.99998955359209806826
0.99998931026573345537
0.99998906127165143598
0.99998880647783794373
0.99998854574920348348
0.99998827894751307621
0.99998800593131098591
0.99998772655584744484
0.99998744067300138205
0.99998714813120104239
0.99998684877534493864
0.99998654244671891789
0.99998622898291211758
0.99998590821773081228
0.99998557998111070599
0.99998524409902611598
0.99998490039339871238
0.99998454868200170598
0.99998418877836448004
0.99998382049167344743
0.99998344362667068719
0.99998305798355024976
0.99998266335785301884
0.99998225954035735441
0.99998184631696895863
0.99998142346860707796
0.99998099077108826283
0.99998054799500801781
0.99998009490561845514
0.9999796312627048378
0.99997915682045690478
0.99997867132734019613
0.99997817452596127197
0.99997766615293259829
0.99997714593873121558
0.99997661360755829563
0.99997606887719059365
0.99997551145883223356
0.99997494105696116407
0.9999743573691727283
0.99997376008601968067
0.99997314889084698564
0.99997252345962550635
0.99997188346077936494
0.99997122855501030525
0.99997055839511839181
0.99996987262581726874
0.99996917088354619896
0.99996845279627744052
0.99996771798331940406
0.9999669660551140371
0.99996619661303109972
0.99996540924915711113
0.99996460354607807908
0.99996377907665945362
0.99996293540381941956
0.99996207208029697089
0.99996118864841498919
0.99996028463983854806
0.99995935957532511296
0.99995841296447252056
0.99995744430545752124
0.99995645308477065782
0.99995543877694414991
0.99995440084427356098
0.99995333873653224899
0.99995225189068071003
0.99995113973056770629
0.99995000166662506569
0.99994883709555548723
0.99994764540001324082
0.99994642594827620741
0.99994517809391192387
0.99994390117543507923
0.9999425945159566842
0.99994125742282591318
0.99993988918726306458
0.99993848908398386133
0.99993705637081586879
0.99993559028830447666
0.99993409005931144229
0.99993255488860288693
0.99993098396242818815
0.99992937644808854714
0.99992773149349711836
0.99992604822672626064
0.99992432575554646146
0.99992256316695449225
0.99992075952668846295
0.99991891387873432784
0.99991702524481895775
0.99991509262389199897
0.9999131149915966299
0.99991109129972655101
0.99990902047567054023
0.99990690142184535105
0.99990473301511451076
0.99990251410619312988
0.99990024351904005506
0.99989792005023503396
0.99989554246834111417
0.99989310951325416355
0.99989061989553451593
0.99988807229572462809
0.99988546536365163764
0.99988279771771171323
0.9998800679441394168
0.99987727459625930226
0.99987441619371997259
0.99987149122171137261
0.999868498130163319
0.99986543533292382424
0.99986230120692209944
0.99985909409130790948
0.99985581228657360864
0.99985245405365541504
0.99984901761301292478
0.99984550114368775375
0.99984190278234064131
0.99983822062226579419
0.99983445271238247098
0.99983059705620302982
0.99982665161077732829
0.99982261428561225447
0.99981848294156627777
0.99981425538971890887
0.99980992939021284815
0.99980550265107015484
0.99980097282698077166
0.99979633751806296083
0.99979159426859376403
0.99978674056571259499
0.99978177383809319068
0.99977669145458314404
0.99977149072281590314
0.99976616888778691017
0.999760723130397988
0.99975515056596941932
0.99974944824271527732
0.99974361314018400648
0.99973764216766491941
0.99973153216255383757
0.99972527988868575832
0.99971888203462389022
0.99971233521191305016
0.99970563595329109408
0.99969878071085738203
0.99969176585420227443
0.99968458766849010999
0.99967724235249999509
0.99966972601661963083
0.99966203468079439798
0.99965416427242737019
0.99964611062423180954
0.99963786947203359112
0.99962943645252355651
0.99962080710095624347
0.99961197684879743441
0.99960294102131574956
0.99959369483511995025
0.99958423339563784449
0.99957455169453834909
0.99956464460709371078
0.99955450688947966587
0.99954413317601564781
0.99953351797633827047
0.99952265567251252776
0.99951154051607515871
0.99950016662500840159
0.99948852798064680147
0.99947661842451085423
0.99946443165506793083
0.9994519612244188167
0.99943920053490853395
0.99942614283565744948
0.99941278121901488962
0.9993991086169287108
0.99938511779723404604
0.99937080135985345564
0.99935615173291258984
0.99934116116876559044
0.99932582173992878793
0.99931012533492069583
0.99929406365400830214
0.99927762820485388495
0.9992608102980623519
0.99924360104262743842
0.9992259913412718797
0.99920797188568266645
0.99918953315163538953
0.99917066539400811731
0.99915135864168103108
0.99913160269231837685
0.99911138710703173427
0.99909070120492227129
0.99906953405749687747
0.99904787448295662156
0.99902571104035597926
0.99900303202362850108
0.9989798254554749235
0.99895607908111427875
0.99893178036189023139
0.99890691646873308596
0.99888147427547346879
0.99885544035200246604
0.99882880095727755165
0.99880154203216831021
0.99877364919214173256
0.99874510771977886847
0.99871590255712439088
0.99868601829786063373
0.99865543917930543749
0.99862414907422869526
0.99859213148248404668
0.99855936952245116789
0.99852584592228366134
0.99849154301096221253
0.99845644270914235552
0.99842052651979973366
0.99838377551866130943
0.99834617034442341144
0.99830769118874962409
0.9982683177860430801
0.99822802940299004693
0.99818680482786903418
0.99814462235961964875
0.99810145979666808902
0.99805729442550195074
0.9980121030089894596
0.99796586177443968868
0.99791854640139465715
0.99787013200915086752
0.99782059314400350925
0.99776990376620633416
0.99771803723664276298
0.99766496630320189443
0.99761066308685231174
0.99755509906740780224
0.9974982450689805491
0.99744007124511135931
0.99738054706357359702
0.99731964129084316184
0.99725732197622696251
0.99719355643564322467
0.99712831123504785946
0.99706155217349712316
0.99699324426584201575
0.99692335172504420449
0.99685183794410836544
0.99677866547762228322
0.99670379602289627119
0.99662719040069391863
0.99654880853554916875
0.99646860943565629398
0.9963865511723284385
0.99630259085901673455
0.99621668462987622572
0.99612878761787748694
0.99603885393245017443
0.99594683663664840267
0.99585268772383506164
0.99575635809386942032
0.99565779752879335351
0.99555695466800409044
0.99545377698290493651
0.99534821075102597465
0.99524020102960253364
0.9951296916286025418
0.99501662508319443923
0.99490094262564354732
0.99478258415662790259
0.99466148821596367391
0.99453759195273039317
0.99441083109478356494
0.99428113991764621726
0.99414845121276962381
0.99401269625515065176
0.99387380477029607651
0.99373170490052575854
0.99358632317059836225
0.99343758445265573087
0.99328541193047048541
0.99312972706298896508
0.99297044954715663057
0.99280749728001826959
0.9926407863200783499
0.9924702308479160795
0.99229574312604063024
0.99211723345797719897
0.99193461014657524633
0.99174777945152570169
0.99155664554608136108
0.99136111047296471277
0.99116107409945919393
0.99095643407167088856
0.99074708576795167403
0.99053292225147560046
0.99031383422195895516
0.99008970996651490815
0.98986043530963518933
0.98962589356229124782
0.98938596547014434623
0.98914052916086137035
0.98888946009052691721
0.98863263098914422322
0.98836991180522371092
0.98810116964944672002
0.98782626873740775331
0.9875450703314226919
0.98725743268140730979
0.98696321096481653967
0.98666225722564693257
0.98635442031249953576
0.98603954581570263382
0.98571747600349424179
0.98538804975726834723
0.98505110250588356902
0.98470646615904278143
0.98435396903974337057
0.98399343581580867024
0.98362468743050424091
0.98324754103225109336
0.98286180990344407249
0.98246730338838739183
0.98206382682036252874
0.98165118144784158094
0.98122916435986262673
0.98079756841059162475
0.98035618214308406504
0.9799047897122753481
0.97944317080722387292
0.97897110057263303506
0.97848834952968499756
0.97799468349621931917
0.97748986350628896957
0.97697364572913703018
0.97644578138763182817
0.97590601667620990867
0.9753540926783706988
0.97478974528377548836
0.97421270510501256634
0.97362269739407780733
0.97301944195864209508
0.97240265307816964313
0.97177203941996070924
0.97112730395519442084
0.97046814387505264676
0.96979425050701550948
0.96910530923141291471
0.96840099939833668152
0.9676809942450109725
0.96694496081373282337
0.96619255987049512679
0.96542344582441652623
0.96463726664810300893
0.96383366379907597921
0.9630122721424139165
0.96217271987475094797
0.96131462844979020943
0.96043761250550219177
0.95954127979317682673
0.9586252311085127209
0.95768906022493471841
0.95673235382933974336
0.95575469146048153135
0.95475564545021252005
0.95373478086781304786
0.95269165546764811303
0.95162581964040426907
0.95053681636816311773
0.94942418118359306334
0.94828744213353710624
0.94712611974729965514
0.94593972700993611546
0.9447277693408749899
0.94348974457820045103
0.94222514296894954722
0.94093344716578308784
0.93961413223040946008
0.93826666564414862304
0.93689050732604184368
0.93548510965893161284
0.93404991752393740079
0.93258436834378455327
0.93108789213544917995
0.92955991157259576507
0.92799984205831154149
0.92640709180864122541
0.92478106194745535173
0.92312114661319388809
0.92142673307804545679
0.91969720188013648343
0.91793192696932179864
0.91613027586718553952
0.91429160984186930161
0.91241528409837135971
0.9105006479849637735
0.90854704521639639836
0.90655381411456703589
0.90452028786735283461
0.90244579480630726653
0.90032965870394310315
0.8981711990913280319
0.89596973159673720666
0.89372456830610480516
0.89143501814603520739
0.88910038729014007064
0.88671997958945658613
0.88429309702773428725
0.88181904020235080122
0.87929710883163636481
0.87672660228937160376
0.87410682016723217913
0.87143706286592514942
0.86871663221578232505
0.86594483212753037282
0.86312096927396542156
0.86024435380323338585
0.85731430008438913593
0.85433012748588588181
0.8512911611876212703
0.84819673302711595664
0.84504618238037931821
0.84183885707795969022
0.83857411435663031796
0.83525132184711470273
0.8318698585981790794
0.82842911613737213461
0.82492849956860525573
0.82136742870669254835
0.81774533924888603842
0.8140616839833478835
0.81031593403439361456
0.80650758014425039111
0.80263613399093369782
0.79870112954175098707
0.79470212444178001121
0.79063870143655667899
0.78651046982803318741
0.78231706696272962365
0.77805815975082326386
0.7737334462147492653
0.76934265706569771037
0.7648855573062084412
0.7603619478568413026
0.75577166720471855577
0.75111459307147976361
0.74639064409799604771
0.74159978154292316432
0.73674201099194691622
0.73181738407431839999
0.72682600018300658196
0.7217680081945475612
0.71664360818438110901
0.71145305313320517104
0.70619665061958314389
0.70087476449377783538
0.69548781652747504456
0.69003628803380523404
0.6845207214517677885
0.67894172188889279074
0.67329995861570079985
0.66759616650524755688
0.66183114741079074328
0.65600577147436311964
0.65012097835878901453
0.6441777783954920622
0.63817725364020816414
0.63212055882855788802
0.62600892222327386705
0.61984364634474298228
0.6136261085764291856
0.60735776163668264704
0.60104013390840105302
0.59467482961802886621
0.58826352885543520266
0.5818079874263047957
0.57531003652884105115
0.56877158224677293319
0.56219460485092864754
0.5555811579019598323
0.5489333671471799958
0.54225342920494001842
0.53554361003047645795
0.52880624315776014743
0.52204372771253426677
0.51525852619246703679
0.50845316201115131616
0.50163021680357033905
0.49479232749160906302
0.48794218310921749771
0.48108252138794710406
0.47421612510474669966
0.4673458181951524737
0.46047446163630822991
0.45360494910561199866
0.44674020242220141563
0.43988316677994532267
0.43303680578210329566
0.42620409628933669799
0.41938802309429373816
0.41259157343753427583
0.4058177313811011655
0.39906947205756365671
0.3923497558138452912
0.38566152227058853041
0.3790076843191840239
0.37239112207988916969
0.36581467684566104648
0.35928114503741753749
0.3527932721973982555
0.34635374704810811819
0.33996519564497784671
0.33363017565134156506
0.32735117076461112129
0.32113058532259164402
0.31497073911873113561
0.30887386245471065704
0.30284209145815571551
0.29687746369237483224
0.29098191408390494672
0.28515727119226214059
0.2794052538446631373
0.27372746815659954045
0.26812540495702735788
0.26260043763457796562
0.25715382041863527052
0.25178668710635704331
0.2465000502437848795
0.24129480076609899353
0.23617170809886997573
0.23113142071886305651
0.22617446716960212805
0.22130125752353252411
0.21651208527927442993
0.21180712967917222911
0.20718645842915656141
0.20265003079989268864
0.19819770108532047681
0.19382922239204772308
0.18954425073066624718
0.18534234937796148501
0.18122299347720272067
0.17718557484226726828
0.17322940693028296422
0.16935372994678715708
0.16555771604710878275
0.16184047459778477807
0.15820105746232063226
0.15463846427649327597
0.15115164767964794912
0.14773951847004948568
0.14440095065427518972
0.14113478636285484158
0.13793984060683234238
0.13481490585260300086
0.13175875639522532934
0.12877015251336931811
0.12584784439209556473
0.1229905758027140944
0.12019708753199891127
0.11746612055598976143
0.11479641895645271987
0.11218673258075591292
0.10963581944841323257
0.10714244790982574429
0.10470539856478491836
0.10232346595007635326
0.099995460007023750926
0.097720207341039116988
0.095496552286191929704
0.093323357788489283426
0.091199506121977441664
0.089123899451952981465
0.087095460259525664393
0.085113131641530753724
0.083175877499369652024
0.081282682629792046836
0.079432552729946537262
0.077624514328249114015
0.075857614651772931058
0.074130921439977265353
0.072443522713687022452
0.070794526507329688658
0.069183060571551602269
0.067608272052481641068
0.066069327153104082107
0.064565410781448534516
0.063095726189611595069
0.061659494606995608745
0.060255954870585999583
0.058884363054588807762
0.057543992101314528353
0.056234131454816781159
0.054954086698473153527
0.05370317919742463586
0.052480745746564423648
0.051286138224581397094
0.050118723254412911317
0.048977881870341077875
0.047863009191871190573
0.046773514104456591356
0.045708818947077234363
0.044668359206636559788
0.043651583219108780476
0.042657951877346438063
0.041686938345441328091
0.040738027779521387983
0.039810717054858800468
0.038904514499160817997
0.038018939631912607169
0.037153522909641252536
0.036307805476970454739
0.03548133892333713707
0.034673685045242819136
0.033884415613915093435
0.033113112148256573786
0.03235936569296159887
0.031622776601683208475
0.030902954325135630065
0.030199517204020035616
0.029512092266663802337
0.028840315031266033213
0.028183829312644525372
0.02754228703338165718
0.026915348039269156033
0.026302679918953821708
0.025703957827688639348
0.025118864315095801309
0.024547089156850304681
0.023988329190194904172
0.023442288153199219297
0.022908676527677730717
0.022387211385683399023
0.021877616239495526612
0.021379620895022322102
0.020892961308540396181
0.020417379446695294726
0.019952623149688795273
0.019498445997580455408
0.019054607179632473274
0.01862087136662867598
0.018197008586099832489
0.017782794100389229253
0.017378008287493754841
0.016982436524617443296
0.016595869074375605573
0.016218100973589298641
0.015848931924611134314
0.015488166189124814159
0.015135612484362083105
0.01479108388168207458
0.014454397707459275962
0.014125375446227541806
0.013803842646028846933
0.013489628825916536586
0.013182567385564071191
0.012882495516931338764
0.012589254117941671429
0.012302687708123816179
0.012022644346174130026
0.011748975549395294926
0.01148153621496882798
0.011220184543019635567
0.010964781961431850632
0.010715193052376064883
0.010471285480508995755
0.01023292992280754217
0.010000000000000000208
0.0097723722095581066344
0.0095499258602143605873
0.0093325430079699098901
0.0091201083935590968044
0.0089125093813374554191
0.0087096358995608063464
0.0085113803820237639991
0.0083176377110267089854
0.0081283051616409928569
0.0079432823472428155248
0.0077624711662869173498
0.0075857757502918385373
0.0074131024130091741423
0.0072443596007499000411
0.0070794578438413795218
0.0069183097091893644426
0.0067608297539198183856
0.006606934480075959959
0.0064565422903465549687
0.0063095734448019328774
0.0061659500186148222603
0.0060255958607435778848
0.0058884365535558898588
0.0057543993733715700922
0.0056234132519034909711
0.0054954087385762455387
0.0053703179637025278206
0.0052480746024977254632
0.0051286138399136487961
0.0050118723362727228901
0.0048977881936844618396
0.0047863009232263836398
0.0046773514128719819935
0.0045708818961487504215
0.0044668359215096313519
0.0043651583224016601154
0.0042657951880159267893
0.0041686938347033544033
0.0040738027780411268167
0.0039810717055349725477
0.0038904514499428057353
0.0038018939632056122577
0.0037153522909717253374
0.0036307805477010131334
0.0035481338923357549561
0.0034673685045253162425
0.0033884415613920251635
0.0033113112148259109084
0.0032359365692962828789
0.0031622776601683789607
0.0030902954325135907621
0.0030199517204020161383
0.0029512092266663859583
0.0028840315031266059234
0.002818382931264453925
0.0027542287033381664119
0.00269153480392691569
0.0026302679918953821708
0.0025703957827688641083
0.0025118864315095798707
0.0024547089156850302946
0.0023988329190194907642
0.0023442288153199221032
0.0022908676527677728114
0.0022387211385683394686
0.0021877616239495524877
0.0021379620895022322102
0.0020892961308540394447
0.0020417379446695292991
0.0019952623149688797875
0.0019498445997580453673
0.0019054607179632471105
0.0018620871366628673378
0.0018197008586099835091
0.0017782794100389229686
0.0017378008287493753974
0.0016982436524617442429
0.001659586907437560644
0.0016218100973589299509
0.0015848931924611134314
0.0015488166189124813292
0.0015135612484362083105
0.001479108388168207458
0.0014454397707459275529
0.0014125375446227541806
0.0013803842646028848667
0.0013489628825916536153
0.0013182567385564070758
0.0012882495516931338764
0.001258925411794167273
0.0012302687708123816613
0.0012022644346174127857
0.0011748975549395294926
0.0011481536214968826679
0.00112201845430196347
0.0010964781961431849331
0.0010715193052376064016
0.0010471285480508996189
0.0010232929922807541736
0.0010000000000000000208
0.00097723722095581066344
0.00095499258602143590694
0.00093325430079699105406
0.00091201083935590974549
0.00089125093813374560697
0.00087096358995608061295
0.00085113803820237646496
0.00083176377110267098527
0.00081283051616409926401
0.00079432823472428142238
0.0007762471166286917133
0.00075857757502918374531
0.00074131024130091752265
0.0007244359600749901559
0.00070794578438413790882
0.00069183097091893644426
0.00067608297539198175183
0.00066069344800759603926
0.00064565422903465556192
0.00063095734448019320101
0.00061659500186148216098
0.00060255958607435768006
0.00058884365535558894252
0.00057543993733715685743
0.00056234132519034909711
0.00054954087385762455387
0.00053703179637025271701
0.00052480746024977261138
0.00051286138399136483625
0.00050118723362727231069
0.00048977881936844620565
0.00047863009232263837483
0.00046773514128719818851
0.00045708818961487509636
0.00044668359215096315688
0.00043651583224016594648
0.00042657951880159267893
0.00041686938347033539697
0.0004073802778041127684
0.00039810717055349724392
0.00038904514499428060606
0.00038018939632056123661
0.00037153522909717253374
0.00036307805477010134587
0.00035481338923357543056
0.00034673685045253163509
0.00033884415613920251635
0.00033113112148259110168
0.00032359365692962826621
0.00031622776601683793944
0.00030902954325135909789
0.00030199517204020163551
0.00029512092266663857414
0.00028840315031266060318
0.00028183829312644533829
0.00027542287033381667371
0.00026915348039269155816
0.0002630267991895381954
0.00025703957827688636746
0.00025118864315095800876
0.00024547089156850307283
0.000239883291901949071
0.000234422881531992232
0.00022908676527677731367
0.00022387211385683394144
0.00021877616239495523793
0.00021379620895022321018
0.00020892961308540395531
0.00020417379446695290281
0.00019952623149688795707
0.00019498445997580453131
0.00019054607179632470563
0.00018620871366628675547
0.00018197008586099831838
0.00017782794100389226976
0.00017378008287493752347
0.00016982436524617442971
0.00016595869074375604272
0.00016218100973589301135
0.00015848931924611136483
0.00015488166189124813292
0.00015135612484362082563
0.00014791083881682075664
0.00014454397707459274445
0.00014125375446227543433
0.0001380384264602884921
0.00013489628825916536153
0.000131825673855640713
0.00012882495516931339306
0.00012589254117941671646
0.00012302687708123816071
0.00012022644346174129755
0.0001174897554939529601
0.00011481536214968828034
0.00011220184543019634158
0.00010964781961431850144
0.00010715193052376064287
0.00010471285480508994833
0.00010232929922807541194
0.00010000000000000000479
9.7723722095581069054e-05
9.5499258602143593405e-05
9.3325430079699113538e-05
9.1201083935590977259e-05
8.9125093813374560697e-05
8.7096358995608055874e-05
8.5113803820237635654e-05
8.3176377110267103948e-05
8.1283051616409931822e-05
7.943282347242815308e-05
7.7624711662869165909e-05
7.5857757502918385373e-05
7.4131024130091749554e-05
7.2443596007499007458e-05
7.0794578438413785461e-05
6.9183097091893652557e-05
6.7608297539198175183e-05
6.6069344800759593084e-05
6.4565422903465558902e-05
6.3095734448019320101e-05
6.1659500186148210677e-05
6.0255958607435778848e-05
5.8884365535558901028e-05
5.7543993733715691164e-05
5.6234132519034913777e-05
5.4954087385762460808e-05
5.3703179637025270346e-05
5.2480746024977259782e-05
5.128613839913648769e-05
5.0118723362727231069e-05
4.897788193684462192e-05
4.7863009232263837483e-05
4.677351412871981614e-05
4.570881896148750286e-05
4.4668359215096307556e-05
4.3651583224016600069e-05
4.2657951880159263828e-05
4.1686938347033538341e-05
4.073802778041127413e-05
3.9810717055349721682e-05
3.890451449942805925e-05
3.8018939632056123661e-05
3.715352290971725744e-05
3.6307805477010133232e-05
3.5481338923357547122e-05
3.4673685045253167575e-05
3.3884415613920255701e-05
3.3113112148259110168e-05
3.2359365692962822555e-05
3.1622776601683795299e-05
3.0902954325135907078e-05
3.0199517204020161519e-05
2.9512092266663857414e-05
2.8840315031266059641e-05
2.8183829312644538572e-05
2.7542287033381663305e-05
2.6915348039269156494e-05
2.6302679918953817507e-05
2.5703957827688634713e-05
2.5118864315095798165e-05
2.4547089156850305928e-05
2.39883291901949071e-05
2.3442288153199221845e-05
2.2908676527677728657e-05
2.2387211385683396177e-05
2.1877616239495525826e-05
2.1379620895022319663e-05
2.0892961308540392143e-05
2.0417379446695294346e-05
1.9952623149688796385e-05
1.9498445997580452453e-05
1.9054607179632470563e-05
1.8620871366628674191e-05
1.8197008586099833871e-05
1.7782794100389229009e-05
1.7378008287493753703e-05
1.6982436524617442294e-05
1.6595869074375608338e-05
1.6218100973589298424e-05
1.584893192461113445e-05
1.548816618912481397e-05
1.5135612484362081546e-05
1.4791083881682074987e-05
1.4454397707459275122e-05
1.41253754462275414e-05
1.3803842646028848871e-05
1.3489628825916534797e-05
1.3182567385564070961e-05
1.2882495516931339983e-05
1.2589254117941671307e-05
1.2302687708123815732e-05
1.2022644346174128399e-05
1.1748975549395295672e-05
1.1481536214968827357e-05
1.1220184543019635174e-05
1.0964781961431850144e-05
1.0715193052376064965e-05
1.0471285480508995511e-05
1.0232929922807541533e-05
1.0000000000000000818e-05
9.772372209558107583e-06
9.5499258602143586628e-06
9.3325430079699093209e-06
9.1201083935590963707e-06
8.9125093813374543756e-06
8.7096358995608072815e-06
8.5113803820237649207e-06
8.3176377110267093784e-06
8.1283051616409931822e-06
7.9432823472428149692e-06
7.7624711662869176073e-06
7.5857757502918373514e-06
7.4131024130091754636e-06
7.2443596007498998988e-06
7.0794578438413792237e-06
6.9183097091893650863e-06
6.7608297539198180265e-06
6.6069344800759601555e-06
6.4565422903465548738e-06
6.3095734448019321795e-06
6.1659500186148219147e-06
6.0255958607435773766e-06
5.8884365535558892557e-06
5.7543993733715692859e-06
5.6234132519034912083e-06
5.4954087385762459114e-06
5.3703179637025266958e-06
5.2480746024977256394e-06
5.1286138399136489384e-06
5.0118723362727232764e-06
4.8977881936844616838e-06
4.7863009232263834094e-06
4.6773514128719821223e-06
4.5708818961487501166e-06
4.4668359215096312638e-06
4.3651583224016600069e-06
4.2657951880159265522e-06
4.1686938347033540035e-06
4.0738027780411272436e-06
3.981071705534972507e-06
3.890451449942805925e-06
3.8018939632056123661e-06
3.7153522909717254898e-06
3.630780547701013662e-06
3.5481338923357546275e-06
3.4673685045253159951e-06
3.3884415613920254007e-06
3.3113112148259111015e-06
3.2359365692962821708e-06
3.1622776601683796146e-06
3.0902954325135901996e-06
3.0199517204020163213e-06
2.9512092266663858261e-06
2.8840315031266058794e-06
2.8183829312644538572e-06
2.7542287033381667541e-06
2.69153480392691548e-06
2.6302679918953820895e-06
2.5703957827688638101e-06
2.5118864315095801553e-06
2.4547089156850305081e-06
2.3988329190194905406e-06
2.3442288153199221845e-06
2.2908676527677730351e-06
2.2387211385683392789e-06
2.1877616239495525826e-06
2.1379620895022322204e-06
2.0892961308540398072e-06
2.0417379446695294346e-06
1.9952623149688795537e-06
1.9498445997580454147e-06
1.9054607179632470563e-06
1.8620871366628675038e-06
1.8197008586099832177e-06
1.7782794100389226891e-06
1.7378008287493752856e-06
1.698243652461744187e-06
1.6595869074375607067e-06
1.6218100973589299695e-06
1.5848931924611136567e-06
1.5488166189124813123e-06
1.5135612484362082393e-06
1.4791083881682074987e-06
1.4454397707459273005e-06
1.41253754462275414e-06
1.3803842646028848447e-06
1.3489628825916537339e-06
1.3182567385564071808e-06
1.2882495516931339136e-06
1.2589254117941671731e-06
1.2302687708123815732e-06
1.2022644346174127552e-06
1.1748975549395295672e-06
1.1481536214968827357e-06
1.1220184543019634751e-06
1.0964781961431850991e-06
1.0715193052376063694e-06
1.0471285480508995935e-06
1.0232929922807541533e-06
9.9999999999999995475e-07
9.772372209558106736e-07
9.5499258602143603569e-07
9.3325430079699103797e-07
9.1201083935590974295e-07
8.9125093813374560697e-07
8.7096358995608066462e-07
8.5113803820237640736e-07
8.3176377110267098019e-07
8.1283051616409921234e-07
7.9432823472428145456e-07
7.7624711662869167603e-07
7.5857757502918377749e-07
7.4131024130091754636e-07
7.2443596007499005341e-07
7.0794578438413800707e-07
6.9183097091893650863e-07
6.7608297539198180265e-07
6.6069344800759601555e-07
6.4565422903465550856e-07
6.3095734448019328148e-07
6.1659500186148219147e-07
6.0255958607435773766e-07
5.8884365535558892557e-07
5.7543993733715697094e-07
5.6234132519034903613e-07
5.4954087385762459114e-07
5.3703179637025275428e-07
5.2480746024977264865e-07
5.1286138399136491502e-07
5.0118723362727228528e-07
4.8977881936844618955e-07
4.7863009232263829859e-07
4.6773514128719820164e-07
4.5708818961487505401e-07
4.4668359215096316873e-07
4.3651583224016593717e-07
4.2657951880159264463e-07
4.1686938347033541094e-07
4.0738027780411276671e-07
3.9810717055349729305e-07
3.890451449942805925e-07
3.8018939632056120485e-07
3.7153522909717252781e-07
3.630780547701013662e-07
3.548133892335754204e-07
3.4673685045253164187e-07
3.3884415613920252948e-07
3.3113112148259105721e-07
3.2359365692962827002e-07
3.1622776601683791911e-07
3.0902954325135903055e-07
3.0199517204020160036e-07
2.9512092266663856144e-07
2.8840315031266056676e-07
2.8183829312644538572e-07
2.7542287033381663305e-07
2.6915348039269159035e-07
2.6302679918953820895e-07
2.5703957827688637043e-07
2.5118864315095801553e-07
2.4547089156850304022e-07
2.3988329190194903288e-07
2.3442288153199219727e-07
2.2908676527677731939e-07
2.2387211385683395965e-07
2.1877616239495524238e-07
2.1379620895022321675e-07
2.0892961308540395425e-07
2.0417379446695293817e-07
1.9952623149688795008e-07
1.9498445997580452559e-07
1.9054607179632472152e-07
1.8620871366628677156e-07
1.8197008586099834824e-07
1.7782794100389226891e-07
1.7378008287493753914e-07
1.6982436524617442929e-07
1.6595869074375607067e-07
1.6218100973589298107e-07
1.5848931924611135509e-07
1.5488166189124813123e-07
1.5135612484362082923e-07
1.4791083881682073928e-07
1.4454397707459276181e-07
1.41253754462275414e-07
1.3803842646028849506e-07
1.3489628825916535221e-07
1.3182567385564071808e-07
1.2882495516931340195e-07
1.258925411794167226e-07
1.2302687708123814673e-07
1.202264434617412967e-07
1.1748975549395295407e-07
1.1481536214968826033e-07
1.1220184543019635545e-07
1.0964781961431848874e-07
1.0715193052376064224e-07
1.0471285480508994611e-07
1.0232929922807541533e-07
9.9999999999999995475e-08
9.7723722095581070007e-08
9.5499258602143582393e-08
9.3325430079699111738e-08
9.1201083935590976942e-08
8.9125093813374563344e-08
8.7096358995608074403e-08
8.511380382023764603e-08
8.3176377110267100666e-08
8.1283051616409923881e-08
7.9432823472428153397e-08
7.762471166286917025e-08
7.5857757502918383043e-08
7.4131024130091751989e-08
7.2443596007499007988e-08
7.0794578438413795413e-08
6.9183097091893650863e-08
6.7608297539198182912e-08
6.6069344800759601555e-08
6.4565422903465556149e-08
6.3095734448019322854e-08
6.1659500186148219147e-08
6.0255958607435768472e-08
5.8884365535558895204e-08
5.75439937337156918e-08
5.6234132519034911554e-08
5.4954087385762456467e-08
5.3703179637025278075e-08
5.2480746024977264865e-08
5.1286138399136480914e-08
5.0118723362727229852e-08
4.8977881936844620279e-08
4.7863009232263828536e-08
4.6773514128719821487e-08
4.570881896148749746e-08
4.4668359215096312903e-08
4.3651583224016599011e-08
4.2657951880159265786e-08
4.1686938347033542418e-08
4.0738027780411274024e-08
3.9810717055349722688e-08
3.8904514499428063221e-08
3.8018939632056119161e-08
3.7153522909717252781e-08
3.6307805477010135296e-08
3.5481338923357544687e-08
3.4673685045253164187e-08
3.3884415613920252948e-08
3.3113112148259111015e-08
3.2359365692962828326e-08
3.1622776601683791911e-08
3.0902954325135907026e-08
3.019951720402016136e-08
2.951209226666385482e-08
2.8840315031266057338e-08
2.8183829312644537249e-08
2.7542287033381665952e-08
2.691534803926915705e-08
2.6302679918953820895e-08
2.5703957827688636381e-08
2.51188643150958042e-08
2.4547089156850302037e-08
2.3988329190194907259e-08
2.3442288153199221051e-08
2.2908676527677729292e-08
2.2387211385683397951e-08
2.1877616239495527547e-08
2.1379620895022318366e-08
2.0892961308540394763e-08
2.0417379446695293817e-08
1.9952623149688796332e-08
1.9498445997580453883e-08
1.9054607179632472152e-08
1.8620871366628672524e-08
1.8197008586099835486e-08
1.7782794100389228215e-08
1.7378008287493756561e-08
1.6982436524617445576e-08
1.6595869074375607067e-08
1.6218100973589300092e-08
1.584893192461113617e-08
1.5488166189124814446e-08
1.5135612484362082261e-08
1.4791083881682073928e-08
1.445439770745927585e-08
1.4125375446227544047e-08
1.3803842646028847521e-08
1.3489628825916535883e-08
1.3182567385564071146e-08
1.2882495516931339864e-08
1.2589254117941672591e-08
1.2302687708123814342e-08
1.2022644346174128677e-08
1.1748975549395294083e-08
1.1481536214968828349e-08
1.1220184543019635214e-08
1.096478196143185119e-08
1.0715193052376064554e-08
1.047128548050899428e-08
1.023292992280754054e-08
1.0000000000000000209e-08
9.7723722095581060081e-09
9.5499258602143602246e-09
9.3325430079699098503e-09
9.1201083935590967016e-09
8.91250938133745468e-09
8.7096358995608064477e-09
8.5113803820237636104e-09
8.3176377110267103975e-09
8.128305161640992719e-09
7.9432823472428153397e-09
7.7624711662869173558e-09
7.5857757502918373117e-09
7.4131024130091756952e-09
7.2443596007499003025e-09
7.0794578438413802031e-09
6.9183097091893650863e-09
6.760829753919817464e-09
6.6069344800759601555e-09
6.4565422903465549532e-09
6.3095734448019321199e-09
6.1659500186148214184e-09
6.0255958607435780053e-09
5.8884365535558903476e-09
5.7543993733715693454e-09
5.6234132519034909899e-09
5.4954087385762454812e-09
5.3703179637025271458e-09
5.2480746024977254938e-09
5.1286138399136484223e-09
5.0118723362727229852e-09
4.8977881936844625242e-09
4.7863009232263835153e-09
4.6773514128719823142e-09
4.5708818961487500769e-09
4.4668359215096309594e-09
4.3651583224016595702e-09
4.2657951880159272404e-09
4.1686938347033542418e-09
4.073802778041127237e-09
3.9810717055349722688e-09
3.8904514499428058258e-09
3.8018939632056117507e-09
3.7153522909717255262e-09
3.6307805477010135296e-09
3.548133892335754965e-09
3.4673685045253166668e-09
3.3884415613920257084e-09
3.3113112148259111015e-09
3.2359365692962828326e-09
3.1622776601683791084e-09
3.0902954325135906198e-09
3.0199517204020163014e-09
2.9512092266663858956e-09
2.8840315031266058992e-09
2.8183829312644538903e-09
2.7542287033381662644e-09
2.6915348039269154568e-09
2.6302679918953820068e-09
2.5703957827688638035e-09
2.5118864315095799237e-09
2.4547089156850303691e-09
2.3988329190194901468e-09
2.3442288153199221051e-09
2.2908676527677732601e-09
2.2387211385683393815e-09
2.1877616239495525892e-09
2.137962089502232002e-09
2.0892961308540397245e-09
2.0417379446695296298e-09
1.9952623149688794677e-09
1.9498445997580453055e-09
1.9054607179632472979e-09
1.8620871366628674178e-09
1.8197008586099835072e-09
1.7782794100389228215e-09
1.7378008287493756148e-09
1.6982436524617445576e-09
1.6595869074375606654e-09
1.6218100973589300092e-09
1.5848931924611134102e-09
1.5488166189124811137e-09
1.513561248436208102e-09
1.4791083881682074341e-09
1.4454397707459274196e-09
1.412537544622754446e-09
1.3803842646028848762e-09
1.3489628825916537123e-09
1.3182567385564071973e-09
1.2882495516931339037e-09
1.2589254117941670937e-09
1.2302687708123815583e-09
1.202264434617412785e-09
1.1748975549395294911e-09
1.1481536214968827936e-09
1.1220184543019634387e-09
1.0964781961431851603e-09
1.0715193052376065382e-09
1.0471285480508994694e-09
1.023292992280754054e-09
