x 	 analitycal w t = 0.49999	KMB w t = 0.49999	analitycal w t = 0.99999	KMB w t = 0.99999	analitycal w t = 1.99998	KMB w t = 1.99998
1	0	0	0	0	0	0
1.005	0.00894472	0.00894474	0.00778205	0.00778205	0.00695992	0.00695992
1.01	0.0178008	0.0178008	0.015487	0.015487	0.0138509	0.0138509
1.015	0.0265694	0.0265694	0.023116	0.023116	0.020674	0.020674
1.02	0.0352518	0.0352518	0.0306701	0.0306701	0.0274301	0.0274302
1.025	0.043849	0.0438491	0.0381503	0.0381503	0.0341203	0.0341203
1.03	0.0523623	0.0523624	0.0455578	0.0455578	0.0407455	0.0407455
1.035	0.0607928	0.0607929	0.0528934	0.0528935	0.0473066	0.0473066
1.04	0.0691415	0.0691416	0.0601584	0.0601584	0.0538045	0.0538045
1.045	0.0774096	0.0774097	0.0673535	0.0673535	0.0602402	0.0602402
1.05	0.0855981	0.0855982	0.0744798	0.0744798	0.0666144	0.0666144
1.055	0.093708	0.0937082	0.0815382	0.0815382	0.0729281	0.0729281
1.06	0.10174	0.101741	0.0885296	0.0885297	0.0791821	0.0791822
1.065	0.109696	0.109696	0.095455	0.0954551	0.0853773	0.0853773
1.07	0.117577	0.117577	0.102315	0.102315	0.0915144	0.0915144
1.075	0.125382	0.125382	0.109111	0.109111	0.0975942	0.0975943
1.08	0.133114	0.133114	0.115844	0.115844	0.103618	0.103618
1.085	0.140774	0.140774	0.122514	0.122514	0.109585	0.109585
1.09	0.148361	0.148361	0.129122	0.129122	0.115498	0.115498
1.095	0.155878	0.155878	0.135669	0.135669	0.121357	0.121357
1.1	0.163324	0.163324	0.142157	0.142157	0.127162	0.127162
1.105	0.170701	0.170702	0.148584	0.148585	0.132914	0.132914
1.11	0.17801	0.178011	0.154954	0.154954	0.138614	0.138614
1.115	0.185252	0.185252	0.161265	0.161265	0.144263	0.144263
1.12	0.192427	0.192427	0.16752	0.16752	0.149861	0.149861
1.125	0.199536	0.199536	0.173718	0.173718	0.155409	0.155409
1.13	0.206579	0.20658	0.17986	0.17986	0.160908	0.160908
1.135	0.213559	0.213559	0.185948	0.185948	0.166358	0.166358
1.14	0.220475	0.220475	0.191981	0.191981	0.17176	0.17176
1.145	0.227328	0.227328	0.197961	0.197961	0.177115	0.177115
1.15	0.234119	0.234119	0.203887	0.203887	0.182422	0.182422
1.155	0.240848	0.240849	0.209762	0.209762	0.187684	0.187684
1.16	0.247517	0.247518	0.215585	0.215585	0.192899	0.192899
1.165	0.254126	0.254127	0.221357	0.221357	0.19807	0.19807
1.17	0.260676	0.260677	0.227079	0.227079	0.203196	0.203196
1.175	0.267167	0.267168	0.232751	0.232751	0.208278	0.208278
1.18	0.273601	0.273601	0.238374	0.238374	0.213316	0.213316
1.185	0.279977	0.279977	0.243948	0.243948	0.218312	0.218312
1.19	0.286296	0.286297	0.249475	0.249475	0.223265	0.223265
1.195	0.292559	0.29256	0.254954	0.254954	0.228177	0.228177
1.2	0.298767	0.298768	0.260386	0.260386	0.233047	0.233047
1.205	0.304921	0.304921	0.265772	0.265773	0.237876	0.237876
1.21	0.31102	0.31102	0.271113	0.271113	0.242665	0.242665
1.215	0.317065	0.317066	0.276408	0.276408	0.247414	0.247414
1.22	0.323058	0.323058	0.281659	0.281659	0.252124	0.252124
1.225	0.328998	0.328998	0.286865	0.286865	0.256795	0.256795
1.23	0.334886	0.334887	0.292028	0.292028	0.261427	0.261427
1.235	0.340723	0.340724	0.297148	0.297148	0.266022	0.266022
1.24	0.346509	0.34651	0.302225	0.302225	0.270578	0.270579
1.245	0.352245	0.352246	0.30726	0.30726	0.275098	0.275098
1.25	0.357932	0.357932	0.312254	0.312254	0.279582	0.279582
1.255	0.363569	0.363569	0.317206	0.317206	0.284029	0.284029
1.26	0.369157	0.369158	0.322117	0.322118	0.28844	0.28844
1.265	0.374698	0.374698	0.326989	0.326989	0.292816	0.292816
1.27	0.38019	0.380191	0.33182	0.33182	0.297156	0.297156
1.275	0.385636	0.385637	0.336612	0.336612	0.301463	0.301463
1.28	0.391035	0.391035	0.341365	0.341366	0.305735	0.305735
1.285	0.396388	0.396388	0.34608	0.34608	0.309973	0.309973
1.29	0.401695	0.401695	0.350757	0.350757	0.314178	0.314178
1.295	0.406956	0.406957	0.355396	0.355396	0.31835	0.31835
1.3	0.412173	0.412174	0.359998	0.359998	0.322489	0.322489
1.305	0.417346	0.417346	0.364562	0.364563	0.326596	0.326596
1.31	0.422474	0.422475	0.369091	0.369091	0.330671	0.330671
1.315	0.427559	0.42756	0.373583	0.373583	0.334715	0.334715
1.32	0.432602	0.432602	0.37804	0.37804	0.338727	0.338727
1.325	0.437601	0.437602	0.382461	0.382462	0.342708	0.342708
1.33	0.442558	0.442559	0.386848	0.386848	0.346659	0.346659
1.335	0.447474	0.447474	0.3912	0.3912	0.35058	0.35058
1.34	0.452348	0.452348	0.395517	0.395518	0.354471	0.354471
1.345	0.457181	0.457182	0.399801	0.399802	0.358332	0.358332
1.35	0.461973	0.461974	0.404052	0.404052	0.362164	0.362164
1.355	0.466726	0.466726	0.408269	0.408269	0.365967	0.365967
1.36	0.471438	0.471439	0.412454	0.412454	0.369741	0.369741
1.365	0.476111	0.476112	0.416606	0.416606	0.373487	0.373488
1.37	0.480745	0.480745	0.420725	0.420726	0.377206	0.377206
1.375	0.48534	0.485341	0.424814	0.424814	0.380896	0.380896
1.38	0.489897	0.489897	0.42887	0.428871	0.384559	0.384559
1.385	0.494415	0.494416	0.432896	0.432896	0.388195	0.388195
1.39	0.498897	0.498897	0.43689	0.436891	0.391804	0.391804
1.395	0.503341	0.503341	0.440854	0.440855	0.395387	0.395387
1.4	0.507747	0.507748	0.444788	0.444789	0.398943	0.398943
1.405	0.512118	0.512119	0.448692	0.448693	0.402473	0.402473
1.41	0.516452	0.516453	0.452567	0.452567	0.405978	0.405978
1.415	0.52075	0.520751	0.456412	0.456412	0.409457	0.409457
1.42	0.525012	0.525013	0.460228	0.460228	0.412911	0.412911
1.425	0.52924	0.52924	0.464015	0.464015	0.41634	0.41634
1.43	0.533432	0.533433	0.467773	0.467774	0.419744	0.419744
1.435	0.537589	0.53759	0.471504	0.471504	0.423123	0.423124
1.44	0.541713	0.541713	0.475206	0.475207	0.426479	0.426479
1.445	0.545802	0.545803	0.478881	0.478881	0.429811	0.429811
1.45	0.549857	0.549858	0.482529	0.482529	0.433118	0.433118
1.455	0.553879	0.55388	0.486149	0.486149	0.436403	0.436403
1.46	0.557868	0.557869	0.489742	0.489743	0.439664	0.439664
1.465	0.561824	0.561825	0.493309	0.493309	0.442902	0.442902
1.47	0.565747	0.565748	0.49685	0.49685	0.446117	0.446117
1.475	0.569638	0.569639	0.500364	0.500364	0.44931	0.44931
1.48	0.573497	0.573498	0.503852	0.503853	0.45248	0.45248
1.485	0.577325	0.577326	0.507315	0.507315	0.455628	0.455629
1.49	0.581121	0.581121	0.510752	0.510753	0.458755	0.458755
1.495	0.584885	0.584886	0.514165	0.514165	0.461859	0.461859
1.5	0.588619	0.58862	0.517552	0.517552	0.464942	0.464943
1.505	0.592322	0.592323	0.520914	0.520915	0.468004	0.468004
1.51	0.595995	0.595996	0.524252	0.524253	0.471045	0.471045
1.515	0.599637	0.599638	0.527566	0.527567	0.474065	0.474065
1.52	0.60325	0.603251	0.530856	0.530856	0.477064	0.477064
1.525	0.606833	0.606834	0.534122	0.534122	0.480043	0.480043
1.53	0.610387	0.610388	0.537364	0.537365	0.483001	0.483001
1.535	0.613911	0.613912	0.540583	0.540584	0.485939	0.485939
1.54	0.617407	0.617408	0.543779	0.543779	0.488858	0.488858
1.545	0.620874	0.620875	0.546952	0.546952	0.491756	0.491756
1.55	0.624313	0.624313	0.550102	0.550102	0.494635	0.494635
1.555	0.627723	0.627724	0.553229	0.55323	0.497495	0.497495
1.56	0.631105	0.631106	0.556334	0.556335	0.500336	0.500336
1.565	0.63446	0.634461	0.559417	0.559418	0.503157	0.503157
1.57	0.637787	0.637788	0.562478	0.562478	0.50596	0.50596
1.575	0.641087	0.641088	0.565517	0.565518	0.508744	0.508744
1.58	0.64436	0.644361	0.568535	0.568535	0.511509	0.51151
1.585	0.647606	0.647607	0.571531	0.571531	0.514257	0.514257
1.59	0.650826	0.650827	0.574506	0.574506	0.516986	0.516986
1.595	0.654019	0.65402	0.57746	0.57746	0.519697	0.519697
1.6	0.657186	0.657187	0.580393	0.580393	0.52239	0.52239
1.605	0.660327	0.660328	0.583305	0.583305	0.525066	0.525066
1.61	0.663442	0.663443	0.586197	0.586197	0.527724	0.527724
1.615	0.666532	0.666533	0.589068	0.589069	0.530364	0.530364
1.62	0.669596	0.669598	0.59192	0.59192	0.532988	0.532988
1.625	0.672636	0.672637	0.594751	0.594751	0.535594	0.535594
1.63	0.67565	0.675651	0.597562	0.597563	0.538184	0.538184
1.635	0.67864	0.678641	0.600354	0.600355	0.540757	0.540757
1.64	0.681605	0.681606	0.603127	0.603127	0.543313	0.543313
1.645	0.684545	0.684546	0.60588	0.60588	0.545852	0.545853
1.65	0.687462	0.687463	0.608613	0.608614	0.548376	0.548376
1.655	0.690354	0.690355	0.611328	0.611329	0.550883	0.550883
1.66	0.693223	0.693224	0.614024	0.614025	0.553374	0.553374
1.665	0.696068	0.696069	0.616702	0.616702	0.55585	0.55585
1.67	0.69889	0.698891	0.61936	0.619361	0.558309	0.558309
1.675	0.701689	0.70169	0.622001	0.622001	0.560753	0.560753
1.68	0.704464	0.704465	0.624623	0.624623	0.563181	0.563182
1.685	0.707217	0.707218	0.627227	0.627227	0.565594	0.565595
1.69	0.709947	0.709948	0.629813	0.629813	0.567992	0.567992
1.695	0.712654	0.712655	0.632381	0.632381	0.570375	0.570375
1.7	0.715339	0.715341	0.634932	0.634932	0.572743	0.572743
1.705	0.718002	0.718004	0.637465	0.637465	0.575096	0.575096
1.71	0.720643	0.720645	0.63998	0.639981	0.577434	0.577434
1.715	0.723263	0.723264	0.642479	0.642479	0.579757	0.579757
1.72	0.72586	0.725861	0.64496	0.644961	0.582066	0.582067
1.725	0.728436	0.728437	0.647425	0.647425	0.584361	0.584361
1.73	0.730991	0.730992	0.649872	0.649872	0.586642	0.586642
1.735	0.733524	0.733526	0.652303	0.652303	0.588908	0.588908
1.74	0.736037	0.736038	0.654717	0.654718	0.59116	0.59116
1.745	0.738529	0.73853	0.657115	0.657115	0.593399	0.593399
1.75	0.741	0.741001	0.659496	0.659497	0.595623	0.595624
1.755	0.74345	0.743452	0.661862	0.661862	0.597834	0.597835
1.76	0.745881	0.745882	0.664211	0.664211	0.600032	0.600032
1.765	0.748291	0.748292	0.666544	0.666545	0.602216	0.602216
1.77	0.750681	0.750682	0.668862	0.668862	0.604386	0.604387
1.775	0.753051	0.753052	0.671164	0.671164	0.606544	0.606544
1.78	0.755401	0.755402	0.67345	0.67345	0.608688	0.608688
1.785	0.757732	0.757733	0.675721	0.675721	0.610819	0.61082
1.79	0.760043	0.760044	0.677976	0.677976	0.612938	0.612938
1.795	0.762335	0.762336	0.680216	0.680217	0.615043	0.615043
1.8	0.764608	0.764609	0.682441	0.682442	0.617136	0.617136
1.805	0.766861	0.766863	0.684651	0.684652	0.619216	0.619216
1.81	0.769096	0.769098	0.686847	0.686847	0.621284	0.621284
1.815	0.771313	0.771314	0.689027	0.689028	0.623339	0.623339
1.82	0.77351	0.773511	0.691193	0.691193	0.625382	0.625382
1.825	0.775689	0.775691	0.693344	0.693345	0.627413	0.627413
1.83	0.77785	0.777851	0.695481	0.695481	0.629431	0.629432
1.835	0.779993	0.779994	0.697603	0.697604	0.631438	0.631438
1.84	0.782118	0.782119	0.699712	0.699712	0.633433	0.633433
1.845	0.784224	0.784225	0.701806	0.701806	0.635415	0.635416
1.85	0.786313	0.786314	0.703886	0.703886	0.637386	0.637387
1.855	0.788385	0.788386	0.705952	0.705953	0.639346	0.639346
1.86	0.790439	0.79044	0.708005	0.708005	0.641294	0.641294
1.865	0.792475	0.792476	0.710043	0.710044	0.64323	0.64323
1.87	0.794494	0.794495	0.712068	0.712069	0.645155	0.645155
1.875	0.796496	0.796498	0.71408	0.714081	0.647068	0.647068
1.88	0.798482	0.798483	0.716078	0.716079	0.64897	0.648971
1.885	0.80045	0.800451	0.718063	0.718064	0.650862	0.650862
1.89	0.802402	0.802403	0.720035	0.720035	0.652742	0.652742
1.895	0.804337	0.804338	0.721993	0.721994	0.654611	0.654611
1.9	0.806255	0.806256	0.723939	0.723939	0.656469	0.656469
1.905	0.808157	0.808158	0.725871	0.725872	0.658316	0.658317
1.91	0.810043	0.810044	0.727791	0.727792	0.660153	0.660153
1.915	0.811913	0.811914	0.729698	0.729699	0.661979	0.661979
1.92	0.813767	0.813768	0.731592	0.731593	0.663794	0.663795
1.925	0.815605	0.815606	0.733474	0.733475	0.665599	0.6656
1.93	0.817427	0.817428	0.735343	0.735344	0.667394	0.667394
1.935	0.819233	0.819235	0.7372	0.737201	0.669178	0.669178
1.94	0.821024	0.821026	0.739045	0.739045	0.670952	0.670952
1.945	0.8228	0.822801	0.740877	0.740878	0.672716	0.672716
1.95	0.82456	0.824561	0.742698	0.742698	0.674469	0.674469
1.955	0.826305	0.826307	0.744506	0.744506	0.676213	0.676213
1.96	0.828036	0.828037	0.746302	0.746302	0.677946	0.677946
1.965	0.829751	0.829752	0.748086	0.748087	0.67967	0.67967
1.97	0.831451	0.831452	0.749859	0.749859	0.681383	0.681384
1.975	0.833136	0.833138	0.75162	0.75162	0.683087	0.683088
1.98	0.834807	0.834809	0.753369	0.753369	0.684782	0.684782
1.985	0.836464	0.836465	0.755107	0.755107	0.686466	0.686467
1.99	0.838106	0.838107	0.756833	0.756833	0.688142	0.688142
1.995	0.839734	0.839735	0.758548	0.758548	0.689807	0.689807
2	0.841347	0.841348	0.760251	0.760252	0.691463	0.691464
2.005	0.842947	0.842948	0.761943	0.761944	0.69311	0.69311
2.01	0.844532	0.844533	0.763624	0.763625	0.694748	0.694748
2.015	0.846104	0.846105	0.765294	0.765295	0.696376	0.696376
2.02	0.847662	0.847663	0.766953	0.766954	0.697995	0.697995
2.025	0.849206	0.849207	0.768601	0.768602	0.699605	0.699605
2.03	0.850736	0.850738	0.770239	0.770239	0.701206	0.701206
2.035	0.852254	0.852255	0.771865	0.771866	0.702798	0.702799
2.04	0.853757	0.853759	0.773481	0.773481	0.704381	0.704382
2.045	0.855248	0.855249	0.775086	0.775086	0.705956	0.705956
2.05	0.856725	0.856726	0.77668	0.776681	0.707521	0.707521
2.055	0.85819	0.858191	0.778264	0.778265	0.709078	0.709078
2.06	0.859641	0.859642	0.779838	0.779839	0.710626	0.710626
2.065	0.861079	0.861081	0.781401	0.781402	0.712166	0.712166
2.07	0.862505	0.862506	0.782954	0.782955	0.713697	0.713697
2.075	0.863918	0.863919	0.784497	0.784497	0.715219	0.715219
2.08	0.865319	0.86532	0.78603	0.78603	0.716733	0.716733
2.085	0.866707	0.866708	0.787552	0.787553	0.718239	0.718239
2.09	0.868082	0.868083	0.789065	0.789065	0.719736	0.719736
2.095	0.869445	0.869447	0.790567	0.790568	0.721225	0.721225
2.1	0.870797	0.870798	0.79206	0.79206	0.722706	0.722706
2.105	0.872135	0.872137	0.793543	0.793543	0.724179	0.724179
2.11	0.873462	0.873464	0.795016	0.795016	0.725643	0.725643
2.115	0.874777	0.874779	0.796479	0.79648	0.7271	0.7271
2.12	0.876081	0.876082	0.797933	0.797934	0.728548	0.728549
2.125	0.877372	0.877373	0.799377	0.799378	0.729989	0.729989
2.13	0.878652	0.878653	0.800812	0.800813	0.731422	0.731422
2.135	0.87992	0.879921	0.802237	0.802238	0.732847	0.732847
2.14	0.881177	0.881178	0.803653	0.803654	0.734264	0.734264
2.145	0.882422	0.882423	0.80506	0.80506	0.735673	0.735673
2.15	0.883656	0.883657	0.806457	0.806458	0.737075	0.737075
2.155	0.884879	0.88488	0.807846	0.807846	0.738469	0.738469
2.16	0.886091	0.886092	0.809225	0.809225	0.739855	0.739855
2.165	0.887291	0.887293	0.810595	0.810595	0.741234	0.741234
2.17	0.888481	0.888482	0.811956	0.811956	0.742606	0.742606
2.175	0.88966	0.889661	0.813308	0.813308	0.74397	0.74397
2.18	0.890828	0.890829	0.814651	0.814651	0.745326	0.745326
2.185	0.891985	0.891986	0.815985	0.815986	0.746676	0.746676
2.19	0.893132	0.893133	0.817311	0.817311	0.748018	0.748018
2.195	0.894268	0.894269	0.818628	0.818628	0.749352	0.749353
2.2	0.895393	0.895395	0.819936	0.819936	0.75068	0.75068
2.205	0.896509	0.89651	0.821235	0.821236	0.752	0.752
2.21	0.897613	0.897615	0.822526	0.822527	0.753314	0.753314
2.215	0.898708	0.898709	0.823809	0.823809	0.75462	0.75462
2.22	0.899793	0.899794	0.825083	0.825083	0.755919	0.755919
2.225	0.900867	0.900868	0.826348	0.826349	0.757211	0.757211
2.23	0.901932	0.901933	0.827606	0.827606	0.758497	0.758497
2.235	0.902986	0.902987	0.828855	0.828855	0.759775	0.759775
2.24	0.904031	0.904032	0.830095	0.830096	0.761047	0.761047
2.245	0.905066	0.905067	0.831328	0.831329	0.762311	0.762312
2.25	0.906091	0.906092	0.832553	0.832553	0.763569	0.76357
2.255	0.907107	0.907108	0.833769	0.833769	0.764821	0.764821
2.26	0.908113	0.908114	0.834977	0.834978	0.766065	0.766065
2.265	0.90911	0.909111	0.836178	0.836178	0.767303	0.767303
2.27	0.910097	0.910098	0.83737	0.837371	0.768535	0.768535
2.275	0.911075	0.911076	0.838555	0.838555	0.76976	0.76976
2.28	0.912044	0.912045	0.839732	0.839732	0.770978	0.770978
2.285	0.913003	0.913004	0.840901	0.840901	0.77219	0.77219
2.29	0.913954	0.913955	0.842062	0.842062	0.773395	0.773395
2.295	0.914895	0.914896	0.843216	0.843216	0.774594	0.774594
2.3	0.915828	0.915829	0.844362	0.844362	0.775787	0.775787
2.305	0.916751	0.916752	0.8455	0.845501	0.776973	0.776973
2.31	0.917666	0.917667	0.846631	0.846631	0.778153	0.778154
2.315	0.918572	0.918573	0.847754	0.847755	0.779327	0.779327
2.32	0.91947	0.919471	0.84887	0.848871	0.780495	0.780495
2.325	0.920358	0.92036	0.849979	0.849979	0.781656	0.781657
2.33	0.921239	0.92124	0.85108	0.851081	0.782812	0.782812
2.335	0.922111	0.922112	0.852174	0.852175	0.783961	0.783961
2.34	0.922974	0.922975	0.853261	0.853261	0.785104	0.785105
2.345	0.923829	0.92383	0.85434	0.854341	0.786242	0.786242
2.35	0.924676	0.924677	0.855413	0.855413	0.787373	0.787373
2.355	0.925515	0.925516	0.856478	0.856478	0.788498	0.788498
2.36	0.926345	0.926346	0.857536	0.857536	0.789618	0.789618
2.365	0.927168	0.927169	0.858587	0.858587	0.790731	0.790731
2.37	0.927982	0.927983	0.859631	0.859632	0.791839	0.791839
2.375	0.928789	0.92879	0.860668	0.860669	0.792941	0.792941
2.38	0.929587	0.929588	0.861699	0.861699	0.794037	0.794037
2.385	0.930378	0.930379	0.862722	0.862722	0.795127	0.795128
2.39	0.931161	0.931162	0.863739	0.863739	0.796212	0.796212
2.395	0.931937	0.931938	0.864748	0.864749	0.797291	0.797291
2.4	0.932705	0.932706	0.865752	0.865752	0.798365	0.798365
2.405	0.933465	0.933466	0.866748	0.866748	0.799432	0.799433
2.41	0.934218	0.934219	0.867738	0.867738	0.800495	0.800495
2.415	0.934963	0.934964	0.868721	0.868721	0.801551	0.801551
2.42	0.935701	0.935702	0.869698	0.869698	0.802603	0.802603
2.425	0.936432	0.936433	0.870668	0.870668	0.803648	0.803648
2.43	0.937155	0.937156	0.871631	0.871632	0.804689	0.804689
2.435	0.937871	0.937873	0.872588	0.872589	0.805723	0.805724
2.44	0.938581	0.938582	0.873539	0.87354	0.806753	0.806753
2.445	0.939283	0.939284	0.874484	0.874484	0.807777	0.807777
2.45	0.939978	0.939979	0.875422	0.875422	0.808796	0.808796
2.455	0.940666	0.940667	0.876353	0.876354	0.80981	0.80981
2.46	0.941347	0.941348	0.877279	0.87728	0.810818	0.810818
2.465	0.942022	0.942023	0.878198	0.878199	0.811821	0.811821
2.47	0.942689	0.94269	0.879112	0.879112	0.812819	0.812819
2.475	0.94335	0.943351	0.880019	0.880019	0.813812	0.813812
2.48	0.944004	0.944005	0.88092	0.88092	0.814799	0.814799
2.485	0.944652	0.944653	0.881814	0.881815	0.815782	0.815782
2.49	0.945293	0.945294	0.882703	0.882704	0.816759	0.816759
2.495	0.945928	0.945929	0.883586	0.883587	0.817732	0.817732
2.5	0.946556	0.946557	0.884463	0.884464	0.818699	0.818699
2.505	0.947178	0.947179	0.885334	0.885335	0.819661	0.819662
2.51	0.947793	0.947794	0.886199	0.8862	0.820619	0.820619
2.515	0.948402	0.948403	0.887059	0.887059	0.821571	0.821572
2.52	0.949005	0.949006	0.887912	0.887913	0.822519	0.822519
2.525	0.949602	0.949603	0.88876	0.888761	0.823462	0.823462
2.53	0.950193	0.950194	0.889602	0.889603	0.824399	0.8244
2.535	0.950777	0.950778	0.890439	0.890439	0.825333	0.825333
2.54	0.951356	0.951357	0.891269	0.89127	0.826261	0.826261
2.545	0.951928	0.951929	0.892094	0.892095	0.827184	0.827184
2.55	0.952495	0.952496	0.892914	0.892914	0.828103	0.828103
2.555	0.953056	0.953057	0.893728	0.893728	0.829017	0.829017
2.56	0.953611	0.953612	0.894536	0.894537	0.829926	0.829927
2.565	0.95416	0.954161	0.895339	0.89534	0.830831	0.830831
2.57	0.954704	0.954705	0.896137	0.896137	0.831731	0.831731
2.575	0.955242	0.955243	0.896929	0.896929	0.832626	0.832627
2.58	0.955774	0.955775	0.897715	0.897716	0.833517	0.833517
2.585	0.956301	0.956302	0.898497	0.898497	0.834404	0.834404
2.59	0.956822	0.956823	0.899273	0.899273	0.835285	0.835285
2.595	0.957338	0.957339	0.900044	0.900044	0.836162	0.836163
2.6	0.957848	0.957849	0.900809	0.900809	0.837035	0.837035
2.605	0.958353	0.958354	0.901569	0.90157	0.837903	0.837904
2.61	0.958853	0.958854	0.902324	0.902325	0.838767	0.838767
2.615	0.959347	0.959348	0.903074	0.903075	0.839627	0.839627
2.62	0.959836	0.959837	0.903819	0.903819	0.840482	0.840482
2.625	0.96032	0.960321	0.904559	0.904559	0.841332	0.841333
2.63	0.960799	0.9608	0.905293	0.905294	0.842179	0.842179
2.635	0.961273	0.961274	0.906023	0.906023	0.843021	0.843021
2.64	0.961742	0.961743	0.906747	0.906748	0.843858	0.843859
2.645	0.962206	0.962206	0.907467	0.907467	0.844692	0.844692
2.65	0.962664	0.962665	0.908182	0.908182	0.845521	0.845521
2.655	0.963118	0.963119	0.908891	0.908892	0.846346	0.846346
2.66	0.963567	0.963568	0.909596	0.909597	0.847167	0.847167
2.665	0.964011	0.964012	0.910296	0.910297	0.847983	0.847984
2.67	0.964451	0.964452	0.910992	0.910992	0.848796	0.848796
2.675	0.964886	0.964887	0.911682	0.911682	0.849604	0.849604
2.68	0.965316	0.965317	0.912368	0.912368	0.850408	0.850408
2.685	0.965741	0.965742	0.913048	0.913049	0.851208	0.851208
2.69	0.966162	0.966163	0.913725	0.913725	0.852004	0.852004
2.695	0.966578	0.966579	0.914396	0.914397	0.852796	0.852796
2.7	0.96699	0.966991	0.915063	0.915064	0.853584	0.853584
2.705	0.967397	0.967398	0.915725	0.915726	0.854368	0.854368
2.71	0.9678	0.967801	0.916383	0.916384	0.855148	0.855148
2.715	0.968198	0.968199	0.917036	0.917037	0.855924	0.855924
2.72	0.968592	0.968593	0.917685	0.917685	0.856696	0.856696
2.725	0.968982	0.968983	0.918329	0.918329	0.857464	0.857464
2.73	0.969367	0.969368	0.918968	0.918969	0.858228	0.858229
2.735	0.969749	0.969749	0.919604	0.919604	0.858989	0.858989
2.74	0.970126	0.970126	0.920234	0.920235	0.859745	0.859745
2.745	0.970498	0.970499	0.920861	0.920861	0.860498	0.860498
2.75	0.970867	0.970868	0.921483	0.921483	0.861247	0.861247
2.755	0.971232	0.971233	0.9221	0.922101	0.861992	0.861992
2.76	0.971592	0.971593	0.922714	0.922714	0.862733	0.862733
2.765	0.971949	0.97195	0.923323	0.923323	0.86347	0.863471
2.77	0.972302	0.972303	0.923927	0.923928	0.864204	0.864204
2.775	0.97265	0.972651	0.924528	0.924528	0.864934	0.864934
2.78	0.972995	0.972996	0.925124	0.925125	0.865661	0.865661
2.785	0.973336	0.973337	0.925716	0.925717	0.866383	0.866383
2.79	0.973673	0.973674	0.926304	0.926305	0.867102	0.867102
2.795	0.974007	0.974008	0.926888	0.926889	0.867818	0.867818
2.8	0.974337	0.974337	0.927468	0.927469	0.868529	0.86853
2.805	0.974662	0.974663	0.928044	0.928044	0.869237	0.869238
2.81	0.974985	0.974986	0.928615	0.928616	0.869942	0.869942
2.815	0.975303	0.975304	0.929183	0.929183	0.870643	0.870643
2.82	0.975618	0.975619	0.929746	0.929747	0.87134	0.871341
2.825	0.97593	0.975931	0.930306	0.930307	0.872034	0.872034
2.83	0.976238	0.976239	0.930862	0.930862	0.872725	0.872725
2.835	0.976542	0.976543	0.931413	0.931414	0.873412	0.873412
2.84	0.976843	0.976844	0.931961	0.931962	0.874095	0.874095
2.845	0.977141	0.977141	0.932505	0.932506	0.874775	0.874775
2.85	0.977435	0.977436	0.933045	0.933046	0.875451	0.875452
2.855	0.977726	0.977726	0.933581	0.933582	0.876124	0.876125
2.86	0.978013	0.978014	0.934114	0.934114	0.876794	0.876794
2.865	0.978297	0.978298	0.934643	0.934643	0.87746	0.877461
2.87	0.978578	0.978579	0.935167	0.935168	0.878123	0.878124
2.875	0.978856	0.978856	0.935689	0.935689	0.878783	0.878783
2.88	0.97913	0.979131	0.936206	0.936206	0.879439	0.879439
2.885	0.979401	0.979402	0.93672	0.93672	0.880092	0.880092
2.89	0.979669	0.97967	0.93723	0.93723	0.880742	0.880742
2.895	0.979934	0.979935	0.937736	0.937737	0.881388	0.881388
2.9	0.980196	0.980197	0.938239	0.938239	0.882031	0.882031
2.905	0.980455	0.980456	0.938738	0.938739	0.882671	0.882671
2.91	0.980711	0.980712	0.939234	0.939234	0.883307	0.883308
2.915	0.980964	0.980965	0.939726	0.939726	0.883941	0.883941
2.92	0.981214	0.981215	0.940214	0.940215	0.884571	0.884571
2.925	0.981461	0.981462	0.940699	0.9407	0.885198	0.885198
2.93	0.981705	0.981706	0.941181	0.941181	0.885822	0.885822
2.935	0.981946	0.981947	0.941659	0.941659	0.886442	0.886443
2.94	0.982185	0.982185	0.942133	0.942134	0.88706	0.88706
2.945	0.98242	0.982421	0.942605	0.942605	0.887674	0.887674
2.95	0.982653	0.982654	0.943072	0.943073	0.888285	0.888286
2.955	0.982883	0.982884	0.943537	0.943537	0.888894	0.888894
2.96	0.98311	0.983111	0.943998	0.943998	0.889499	0.889499
2.965	0.983335	0.983336	0.944456	0.944456	0.890101	0.890101
2.97	0.983557	0.983558	0.94491	0.94491	0.8907	0.8907
2.975	0.983776	0.983777	0.945361	0.945361	0.891296	0.891296
2.98	0.983993	0.983994	0.945809	0.945809	0.891889	0.891889
2.985	0.984207	0.984208	0.946253	0.946254	0.892479	0.892479
2.99	0.984418	0.984419	0.946695	0.946695	0.893066	0.893066
2.995	0.984627	0.984628	0.947133	0.947133	0.89365	0.89365
3	0.984834	0.984835	0.947568	0.947568	0.894231	0.894231
3.005	0.985038	0.985039	0.947999	0.948	0.894809	0.894809
3.01	0.98524	0.98524	0.948428	0.948428	0.895384	0.895384
3.015	0.985439	0.985439	0.948853	0.948854	0.895956	0.895956
3.02	0.985635	0.985636	0.949276	0.949276	0.896526	0.896526
3.025	0.98583	0.98583	0.949695	0.949695	0.897092	0.897092
3.03	0.986022	0.986022	0.950111	0.950112	0.897656	0.897656
3.035	0.986211	0.986212	0.950524	0.950525	0.898216	0.898217
3.04	0.986399	0.986399	0.950934	0.950935	0.898774	0.898775
3.045	0.986584	0.986584	0.951341	0.951342	0.899329	0.89933
3.05	0.986766	0.986767	0.951745	0.951746	0.899882	0.899882
3.055	0.986947	0.986948	0.952146	0.952147	0.900431	0.900431
3.06	0.987125	0.987126	0.952545	0.952545	0.900978	0.900978
3.065	0.987301	0.987302	0.95294	0.95294	0.901522	0.901522
3.07	0.987475	0.987476	0.953332	0.953332	0.902063	0.902063
3.075	0.987647	0.987648	0.953721	0.953722	0.902601	0.902602
3.08	0.987817	0.987818	0.954108	0.954108	0.903137	0.903137
3.085	0.987985	0.987985	0.954491	0.954492	0.90367	0.90367
3.09	0.98815	0.988151	0.954872	0.954873	0.9042	0.904201
3.095	0.988314	0.988314	0.95525	0.95525	0.904728	0.904728
3.1	0.988475	0.988476	0.955625	0.955626	0.905253	0.905253
3.105	0.988635	0.988635	0.955998	0.955998	0.905775	0.905775
3.11	0.988792	0.988793	0.956367	0.956367	0.906295	0.906295
3.115	0.988948	0.988948	0.956734	0.956734	0.906812	0.906812
3.12	0.989101	0.989102	0.957098	0.957098	0.907326	0.907326
3.125	0.989253	0.989253	0.957459	0.95746	0.907838	0.907838
3.13	0.989403	0.989403	0.957818	0.957818	0.908347	0.908347
3.135	0.98955	0.989551	0.958174	0.958174	0.908854	0.908854
3.14	0.989696	0.989697	0.958527	0.958528	0.909358	0.909358
3.145	0.989841	0.989841	0.958878	0.958878	0.909859	0.909859
3.15	0.989983	0.989984	0.959226	0.959226	0.910358	0.910358
3.155	0.990124	0.990124	0.959571	0.959572	0.910854	0.910855
3.16	0.990262	0.990263	0.959914	0.959914	0.911348	0.911348
3.165	0.990399	0.9904	0.960254	0.960255	0.911839	0.91184
3.17	0.990535	0.990535	0.960592	0.960592	0.912328	0.912329
3.175	0.990668	0.990669	0.960927	0.960927	0.912815	0.912815
3.18	0.9908	0.990801	0.961259	0.96126	0.913299	0.913299
3.185	0.99093	0.990931	0.961589	0.96159	0.91378	0.91378
3.19	0.991059	0.991059	0.961917	0.961917	0.914259	0.914259
3.195	0.991186	0.991186	0.962242	0.962242	0.914735	0.914736
3.2	0.991311	0.991311	0.962565	0.962565	0.915209	0.91521
3.205	0.991434	0.991435	0.962885	0.962885	0.915681	0.915681
3.21	0.991557	0.991557	0.963203	0.963203	0.91615	0.916151
3.215	0.991677	0.991677	0.963518	0.963518	0.916617	0.916617
3.22	0.991796	0.991796	0.963831	0.963831	0.917082	0.917082
3.225	0.991913	0.991914	0.964141	0.964142	0.917544	0.917544
3.23	0.992029	0.99203	0.964449	0.96445	0.918004	0.918004
3.235	0.992143	0.992144	0.964755	0.964756	0.918461	0.918461
3.24	0.992256	0.992257	0.965059	0.965059	0.918916	0.918916
3.245	0.992368	0.992368	0.96536	0.96536	0.919369	0.919369
3.25	0.992478	0.992478	0.965658	0.965659	0.919819	0.91982
3.255	0.992586	0.992587	0.965955	0.965955	0.920268	0.920268
3.26	0.992693	0.992694	0.966249	0.96625	0.920714	0.920714
3.265	0.992799	0.992799	0.966541	0.966542	0.921157	0.921157
3.27	0.992903	0.992904	0.966831	0.966831	0.921598	0.921599
3.275	0.993006	0.993007	0.967118	0.967119	0.922038	0.922038
3.28	0.993108	0.993108	0.967404	0.967404	0.922474	0.922475
3.285	0.993208	0.993209	0.967687	0.967687	0.922909	0.922909
3.29	0.993307	0.993307	0.967968	0.967968	0.923341	0.923342
3.295	0.993405	0.993405	0.968246	0.968247	0.923772	0.923772
3.3	0.993501	0.993501	0.968523	0.968523	0.9242	0.9242
3.305	0.993596	0.993596	0.968797	0.968798	0.924625	0.924626
3.31	0.99369	0.99369	0.96907	0.96907	0.925049	0.925049
3.315	0.993782	0.993783	0.96934	0.96934	0.92547	0.925471
3.32	0.993874	0.993874	0.969608	0.969608	0.92589	0.92589
3.325	0.993964	0.993964	0.969874	0.969874	0.926307	0.926307
3.33	0.994053	0.994053	0.970138	0.970138	0.926722	0.926722
3.335	0.99414	0.994141	0.9704	0.9704	0.927135	0.927135
3.34	0.994227	0.994227	0.970659	0.97066	0.927545	0.927546
3.345	0.994312	0.994313	0.970917	0.970917	0.927954	0.927954
3.35	0.994396	0.994397	0.971173	0.971173	0.92836	0.928361
3.355	0.994479	0.99448	0.971427	0.971427	0.928765	0.928765
3.36	0.994561	0.994562	0.971678	0.971679	0.929167	0.929167
3.365	0.994642	0.994643	0.971928	0.971928	0.929568	0.929568
3.37	0.994722	0.994722	0.972176	0.972176	0.929966	0.929966
3.375	0.994801	0.994801	0.972422	0.972422	0.930362	0.930362
3.38	0.994878	0.994879	0.972666	0.972666	0.930756	0.930756
3.385	0.994955	0.994955	0.972908	0.972908	0.931148	0.931149
3.39	0.99503	0.995031	0.973148	0.973148	0.931538	0.931539
3.395	0.995105	0.995105	0.973386	0.973386	0.931927	0.931927
3.4	0.995178	0.995179	0.973622	0.973623	0.932313	0.932313
3.405	0.995251	0.995251	0.973857	0.973857	0.932697	0.932697
3.41	0.995322	0.995323	0.974089	0.97409	0.933079	0.933079
3.415	0.995393	0.995393	0.97432	0.97432	0.933459	0.933459
3.42	0.995462	0.995463	0.974549	0.974549	0.933837	0.933837
3.425	0.995531	0.995531	0.974776	0.974776	0.934214	0.934214
3.43	0.995598	0.995599	0.975001	0.975002	0.934588	0.934588
3.435	0.995665	0.995665	0.975225	0.975225	0.93496	0.93496
3.44	0.995731	0.995731	0.975446	0.975447	0.935331	0.935331
3.445	0.995796	0.995796	0.975666	0.975667	0.935699	0.935699
3.45	0.99586	0.99586	0.975884	0.975885	0.936066	0.936066
3.455	0.995923	0.995923	0.976101	0.976101	0.936431	0.936431
3.46	0.995985	0.995985	0.976316	0.976316	0.936793	0.936794
3.465	0.996046	0.996046	0.976528	0.976529	0.937154	0.937155
3.47	0.996107	0.996107	0.97674	0.97674	0.937513	0.937514
3.475	0.996166	0.996166	0.976949	0.97695	0.937871	0.937871
3.48	0.996225	0.996225	0.977157	0.977157	0.938226	0.938226
3.485	0.996283	0.996283	0.977363	0.977364	0.93858	0.93858
3.49	0.99634	0.99634	0.977568	0.977568	0.938931	0.938932
3.495	0.996396	0.996397	0.977771	0.977771	0.939281	0.939281
3.5	0.996452	0.996452	0.977972	0.977972	0.939629	0.93963
3.505	0.996507	0.996507	0.978171	0.978172	0.939976	0.939976
3.51	0.996561	0.996561	0.978369	0.97837	0.94032	0.94032
3.515	0.996614	0.996614	0.978566	0.978566	0.940663	0.940663
3.52	0.996666	0.996667	0.978761	0.978761	0.941004	0.941004
3.525	0.996718	0.996718	0.978954	0.978954	0.941343	0.941343
3.53	0.996769	0.996769	0.979145	0.979146	0.94168	0.94168
3.535	0.996819	0.99682	0.979336	0.979336	0.942016	0.942016
3.54	0.996869	0.996869	0.979524	0.979524	0.94235	0.94235
3.545	0.996918	0.996918	0.979711	0.979711	0.942682	0.942682
3.55	0.996966	0.996966	0.979896	0.979897	0.943012	0.943012
3.555	0.997013	0.997014	0.98008	0.980081	0.943341	0.943341
3.56	0.99706	0.99706	0.980263	0.980263	0.943668	0.943668
3.565	0.997106	0.997106	0.980444	0.980444	0.943993	0.943993
3.57	0.997152	0.997152	0.980623	0.980624	0.944317	0.944317
3.575	0.997196	0.997197	0.980801	0.980801	0.944638	0.944639
3.58	0.99724	0.997241	0.980978	0.980978	0.944959	0.944959
3.585	0.997284	0.997284	0.981153	0.981153	0.945277	0.945277
3.59	0.997327	0.997327	0.981326	0.981327	0.945594	0.945594
3.595	0.997369	0.997369	0.981498	0.981499	0.945909	0.945909
3.6	0.997411	0.997411	0.981669	0.98167	0.946223	0.946223
3.605	0.997452	0.997452	0.981839	0.981839	0.946534	0.946535
3.61	0.997492	0.997492	0.982007	0.982007	0.946845	0.946845
3.615	0.997532	0.997532	0.982173	0.982173	0.947153	0.947154
3.62	0.997571	0.997571	0.982338	0.982339	0.94746	0.947461
3.625	0.99761	0.99761	0.982502	0.982502	0.947766	0.947766
3.63	0.997648	0.997648	0.982664	0.982665	0.94807	0.94807
3.635	0.997686	0.997686	0.982826	0.982826	0.948372	0.948372
3.64	0.997723	0.997723	0.982985	0.982986	0.948672	0.948672
3.645	0.997759	0.997759	0.983144	0.983144	0.948971	0.948972
3.65	0.997795	0.997795	0.983301	0.983301	0.949269	0.949269
3.655	0.99783	0.997831	0.983457	0.983457	0.949565	0.949565
3.66	0.997865	0.997865	0.983611	0.983611	0.949859	0.949859
3.665	0.9979	0.9979	0.983764	0.983764	0.950152	0.950152
3.67	0.997933	0.997934	0.983916	0.983916	0.950443	0.950443
3.675	0.997967	0.997967	0.984067	0.984067	0.950733	0.950733
3.68	0.998	0.998	0.984216	0.984216	0.951021	0.951021
3.685	0.998032	0.998032	0.984364	0.984364	0.951308	0.951308
3.69	0.998064	0.998064	0.984511	0.984511	0.951593	0.951593
3.695	0.998095	0.998095	0.984657	0.984657	0.951876	0.951876
3.7	0.998126	0.998126	0.984801	0.984801	0.952158	0.952159
3.705	0.998157	0.998157	0.984944	0.984944	0.952439	0.952439
3.71	0.998187	0.998187	0.985086	0.985086	0.952718	0.952718
3.715	0.998216	0.998216	0.985227	0.985227	0.952996	0.952996
3.72	0.998245	0.998245	0.985366	0.985367	0.953272	0.953272
3.725	0.998274	0.998274	0.985505	0.985505	0.953547	0.953547
3.73	0.998302	0.998302	0.985642	0.985642	0.95382	0.95382
3.735	0.99833	0.99833	0.985778	0.985778	0.954092	0.954092
3.74	0.998357	0.998358	0.985913	0.985913	0.954362	0.954363
3.745	0.998384	0.998385	0.986046	0.986047	0.954631	0.954631
3.75	0.998411	0.998411	0.986179	0.986179	0.954899	0.954899
3.755	0.998437	0.998437	0.98631	0.986311	0.955165	0.955165
3.76	0.998463	0.998463	0.986441	0.986441	0.95543	0.95543
3.765	0.998488	0.998488	0.98657	0.98657	0.955693	0.955693
3.77	0.998513	0.998513	0.986698	0.986698	0.955955	0.955955
3.775	0.998538	0.998538	0.986825	0.986825	0.956215	0.956215
3.78	0.998562	0.998562	0.986951	0.986951	0.956474	0.956475
3.785	0.998586	0.998586	0.987076	0.987076	0.956732	0.956732
3.79	0.998609	0.99861	0.987199	0.9872	0.956988	0.956989
3.795	0.998633	0.998633	0.987322	0.987322	0.957243	0.957244
3.8	0.998655	0.998655	0.987444	0.987444	0.957497	0.957497
3.805	0.998678	0.998678	0.987564	0.987565	0.957749	0.957749
3.81	0.9987	0.9987	0.987684	0.987684	0.958	0.958
3.815	0.998722	0.998722	0.987802	0.987803	0.95825	0.95825
3.82	0.998743	0.998743	0.98792	0.98792	0.958498	0.958498
3.825	0.998764	0.998764	0.988036	0.988036	0.958745	0.958745
3.83	0.998785	0.998785	0.988152	0.988152	0.95899	0.958991
3.835	0.998805	0.998805	0.988266	0.988266	0.959235	0.959235
3.84	0.998825	0.998825	0.988379	0.98838	0.959478	0.959478
3.845	0.998845	0.998845	0.988492	0.988492	0.959719	0.95972
3.85	0.998865	0.998865	0.988603	0.988604	0.95996	0.95996
3.855	0.998884	0.998884	0.988714	0.988714	0.960199	0.960199
3.86	0.998903	0.998903	0.988823	0.988824	0.960437	0.960437
3.865	0.998921	0.998921	0.988932	0.988932	0.960673	0.960673
3.87	0.998939	0.99894	0.98904	0.98904	0.960908	0.960908
3.875	0.998957	0.998958	0.989146	0.989146	0.961142	0.961142
3.88	0.998975	0.998975	0.989252	0.989252	0.961375	0.961375
3.885	0.998993	0.998993	0.989357	0.989357	0.961606	0.961607
3.89	0.99901	0.99901	0.989461	0.989461	0.961837	0.961837
3.895	0.999027	0.999027	0.989564	0.989564	0.962065	0.962066
3.9	0.999043	0.999043	0.989666	0.989666	0.962293	0.962293
3.905	0.99906	0.99906	0.989767	0.989767	0.96252	0.96252
3.91	0.999076	0.999076	0.989867	0.989867	0.962745	0.962745
3.915	0.999092	0.999092	0.989966	0.989967	0.962969	0.962969
3.92	0.999107	0.999107	0.990065	0.990065	0.963192	0.963192
3.925	0.999122	0.999123	0.990163	0.990163	0.963413	0.963414
3.93	0.999138	0.999138	0.990259	0.99026	0.963634	0.963634
3.935	0.999152	0.999153	0.990355	0.990355	0.963853	0.963853
3.94	0.999167	0.999167	0.99045	0.99045	0.964071	0.964071
3.945	0.999181	0.999182	0.990544	0.990545	0.964288	0.964288
3.95	0.999196	0.999196	0.990638	0.990638	0.964504	0.964504
3.955	0.99921	0.99921	0.99073	0.990731	0.964718	0.964718
3.96	0.999223	0.999223	0.990822	0.990822	0.964931	0.964932
3.965	0.999237	0.999237	0.990913	0.990913	0.965144	0.965144
3.97	0.99925	0.99925	0.991003	0.991003	0.965355	0.965355
3.975	0.999263	0.999263	0.991092	0.991092	0.965565	0.965565
3.98	0.999276	0.999276	0.991181	0.991181	0.965773	0.965773
3.985	0.999288	0.999289	0.991268	0.991268	0.965981	0.965981
3.99	0.999301	0.999301	0.991355	0.991355	0.966187	0.966188
3.995	0.999313	0.999313	0.991441	0.991441	0.966393	0.966393
4	0.999325	0.999325	0.991527	0.991527	0.966597	0.966597
4.005	0.999337	0.999337	0.991611	0.991611	0.9668	0.9668
4.01	0.999349	0.999349	0.991695	0.991695	0.967002	0.967002
4.015	0.99936	0.99936	0.991778	0.991778	0.967203	0.967203
4.02	0.999371	0.999371	0.99186	0.99186	0.967403	0.967403
4.025	0.999382	0.999382	0.991942	0.991942	0.967601	0.967601
4.03	0.999393	0.999393	0.992022	0.992023	0.967799	0.967799
4.035	0.999404	0.999404	0.992102	0.992103	0.967995	0.967996
4.04	0.999414	0.999415	0.992182	0.992182	0.968191	0.968191
4.045	0.999425	0.999425	0.99226	0.992261	0.968385	0.968385
4.05	0.999435	0.999435	0.992338	0.992338	0.968578	0.968579
4.055	0.999445	0.999445	0.992415	0.992416	0.968771	0.968771
4.06	0.999455	0.999455	0.992492	0.992492	0.968962	0.968962
4.065	0.999465	0.999465	0.992568	0.992568	0.969152	0.969152
4.07	0.999474	0.999474	0.992643	0.992643	0.969341	0.969341
4.075	0.999483	0.999484	0.992717	0.992717	0.969529	0.969529
4.08	0.999493	0.999493	0.992791	0.992791	0.969716	0.969716
4.085	0.999502	0.999502	0.992864	0.992864	0.969902	0.969902
4.09	0.999511	0.999511	0.992936	0.992936	0.970087	0.970087
4.095	0.999519	0.99952	0.993008	0.993008	0.970271	0.970271
4.1	0.999528	0.999528	0.993079	0.993079	0.970454	0.970454
4.105	0.999537	0.999537	0.993149	0.993149	0.970636	0.970636
4.11	0.999545	0.999545	0.993219	0.993219	0.970816	0.970817
4.115	0.999553	0.999553	0.993288	0.993288	0.970996	0.970997
4.12	0.999561	0.999561	0.993357	0.993357	0.971175	0.971175
4.125	0.999569	0.999569	0.993424	0.993425	0.971353	0.971353
4.13	0.999577	0.999577	0.993492	0.993492	0.97153	0.97153
4.135	0.999584	0.999585	0.993558	0.993558	0.971706	0.971706
4.14	0.999592	0.999592	0.993624	0.993624	0.971881	0.971881
4.145	0.999599	0.999599	0.993689	0.99369	0.972055	0.972055
4.15	0.999607	0.999607	0.993754	0.993754	0.972228	0.972228
4.155	0.999614	0.999614	0.993818	0.993818	0.9724	0.9724
4.16	0.999621	0.999621	0.993882	0.993882	0.972571	0.972571
4.165	0.999628	0.999628	0.993945	0.993945	0.972741	0.972741
4.17	0.999634	0.999635	0.994007	0.994007	0.97291	0.97291
4.175	0.999641	0.999641	0.994069	0.994069	0.973078	0.973079
4.18	0.999648	0.999648	0.99413	0.99413	0.973246	0.973246
4.185	0.999654	0.999654	0.99419	0.994191	0.973412	0.973412
4.19	0.99966	0.999661	0.99425	0.994251	0.973577	0.973578
4.195	0.999667	0.999667	0.99431	0.99431	0.973742	0.973742
4.2	0.999673	0.999673	0.994369	0.994369	0.973906	0.973906
4.205	0.999679	0.999679	0.994427	0.994427	0.974068	0.974068
4.21	0.999685	0.999685	0.994485	0.994485	0.97423	0.97423
4.215	0.999691	0.999691	0.994542	0.994542	0.974391	0.974391
4.22	0.999696	0.999696	0.994599	0.994599	0.974551	0.974551
4.225	0.999702	0.999702	0.994655	0.994655	0.97471	0.97471
4.23	0.999707	0.999707	0.994711	0.994711	0.974868	0.974868
4.235	0.999713	0.999713	0.994766	0.994766	0.975025	0.975025
4.24	0.999718	0.999718	0.99482	0.994821	0.975181	0.975182
4.245	0.999723	0.999723	0.994875	0.994875	0.975337	0.975337
4.25	0.999728	0.999729	0.994928	0.994928	0.975492	0.975492
4.255	0.999734	0.999734	0.994981	0.994981	0.975645	0.975645
4.26	0.999738	0.999739	0.995034	0.995034	0.975798	0.975798
4.265	0.999743	0.999743	0.995086	0.995086	0.97595	0.97595
4.27	0.999748	0.999748	0.995137	0.995137	0.976101	0.976101
4.275	0.999753	0.999753	0.995188	0.995188	0.976252	0.976252
4.28	0.999757	0.999758	0.995239	0.995239	0.976401	0.976401
4.285	0.999762	0.999762	0.995289	0.995289	0.97655	0.97655
4.29	0.999766	0.999767	0.995339	0.995339	0.976697	0.976698
4.295	0.999771	0.999771	0.995388	0.995388	0.976844	0.976844
4.3	0.999775	0.999775	0.995436	0.995436	0.97699	0.976991
4.305	0.999779	0.999779	0.995485	0.995485	0.977136	0.977136
4.31	0.999784	0.999784	0.995532	0.995532	0.97728	0.97728
4.315	0.999788	0.999788	0.995579	0.99558	0.977424	0.977424
4.32	0.999792	0.999792	0.995626	0.995626	0.977566	0.977567
4.325	0.999796	0.999796	0.995673	0.995673	0.977708	0.977709
4.33	0.999799	0.9998	0.995719	0.995719	0.97785	0.97785
4.335	0.999803	0.999803	0.995764	0.995764	0.97799	0.97799
4.34	0.999807	0.999807	0.995809	0.995809	0.97813	0.97813
4.345	0.999811	0.999811	0.995854	0.995854	0.978268	0.978268
4.35	0.999814	0.999814	0.995898	0.995898	0.978406	0.978406
4.355	0.999818	0.999818	0.995941	0.995942	0.978543	0.978544
4.36	0.999821	0.999821	0.995985	0.995985	0.97868	0.97868
4.365	0.999825	0.999825	0.996028	0.996028	0.978816	0.978816
4.37	0.999828	0.999828	0.99607	0.99607	0.97895	0.97895
4.375	0.999831	0.999831	0.996112	0.996112	0.979084	0.979085
4.38	0.999835	0.999835	0.996154	0.996154	0.979218	0.979218
4.385	0.999838	0.999838	0.996195	0.996195	0.97935	0.97935
4.39	0.999841	0.999841	0.996236	0.996236	0.979482	0.979482
4.395	0.999844	0.999844	0.996276	0.996276	0.979613	0.979613
4.4	0.999847	0.999847	0.996316	0.996316	0.979743	0.979743
4.405	0.99985	0.99985	0.996356	0.996356	0.979873	0.979873
4.41	0.999853	0.999853	0.996395	0.996395	0.980002	0.980002
4.415	0.999856	0.999856	0.996434	0.996434	0.98013	0.98013
4.42	0.999858	0.999858	0.996472	0.996472	0.980257	0.980257
4.425	0.999861	0.999861	0.99651	0.996511	0.980384	0.980384
4.43	0.999864	0.999864	0.996548	0.996548	0.980509	0.980509
4.435	0.999866	0.999866	0.996585	0.996586	0.980634	0.980635
4.44	0.999869	0.999869	0.996622	0.996623	0.980759	0.980759
4.445	0.999872	0.999872	0.996659	0.996659	0.980882	0.980883
4.45	0.999874	0.999874	0.996695	0.996695	0.981005	0.981006
4.455	0.999876	0.999877	0.996731	0.996731	0.981128	0.981128
4.46	0.999879	0.999879	0.996767	0.996767	0.981249	0.981249
4.465	0.999881	0.999881	0.996802	0.996802	0.98137	0.98137
4.47	0.999884	0.999884	0.996837	0.996837	0.98149	0.98149
4.475	0.999886	0.999886	0.996871	0.996871	0.98161	0.98161
4.48	0.999888	0.999888	0.996905	0.996905	0.981728	0.981728
4.485	0.99989	0.99989	0.996939	0.996939	0.981846	0.981846
4.49	0.999892	0.999892	0.996972	0.996973	0.981964	0.981964
4.495	0.999895	0.999895	0.997005	0.997006	0.98208	0.98208
4.5	0.999897	0.999897	0.997038	0.997038	0.982196	0.982196
4.505	0.999899	0.999899	0.997071	0.997071	0.982312	0.982312
4.51	0.999901	0.999901	0.997103	0.997103	0.982426	0.982426
4.515	0.999903	0.999903	0.997135	0.997135	0.98254	0.98254
4.52	0.999905	0.999905	0.997166	0.997166	0.982653	0.982654
4.525	0.999906	0.999906	0.997197	0.997197	0.982766	0.982766
4.53	0.999908	0.999908	0.997228	0.997228	0.982878	0.982878
4.535	0.99991	0.99991	0.997259	0.997259	0.982989	0.98299
4.54	0.999912	0.999912	0.997289	0.997289	0.9831	0.9831
4.545	0.999914	0.999914	0.997319	0.997319	0.98321	0.98321
4.55	0.999915	0.999915	0.997348	0.997349	0.983319	0.98332
4.555	0.999917	0.999917	0.997378	0.997378	0.983428	0.983428
4.56	0.999919	0.999919	0.997407	0.997407	0.983536	0.983536
4.565	0.99992	0.99992	0.997435	0.997436	0.983644	0.983644
4.57	0.999922	0.999922	0.997464	0.997464	0.983751	0.983751
4.575	0.999923	0.999923	0.997492	0.997492	0.983857	0.983857
4.58	0.999925	0.999925	0.99752	0.99752	0.983962	0.983962
4.585	0.999926	0.999927	0.997547	0.997548	0.984067	0.984067
4.59	0.999928	0.999928	0.997575	0.997575	0.984172	0.984172
4.595	0.999929	0.999929	0.997602	0.997602	0.984275	0.984275
4.6	0.999931	0.999931	0.997628	0.997629	0.984378	0.984379
4.605	0.999932	0.999932	0.997655	0.997655	0.984481	0.984481
4.61	0.999934	0.999934	0.997681	0.997681	0.984583	0.984583
4.615	0.999935	0.999935	0.997707	0.997707	0.984684	0.984684
4.62	0.999936	0.999936	0.997733	0.997733	0.984785	0.984785
4.625	0.999938	0.999938	0.997758	0.997758	0.984885	0.984885
4.63	0.999939	0.999939	0.997783	0.997783	0.984984	0.984984
4.635	0.99994	0.99994	0.997808	0.997808	0.985083	0.985083
4.64	0.999941	0.999941	0.997833	0.997833	0.985182	0.985182
4.645	0.999942	0.999942	0.997857	0.997857	0.985279	0.985279
4.65	0.999944	0.999944	0.997881	0.997881	0.985376	0.985377
4.655	0.999945	0.999945	0.997905	0.997905	0.985473	0.985473
4.66	0.999946	0.999946	0.997929	0.997929	0.985569	0.985569
4.665	0.999947	0.999947	0.997952	0.997952	0.985664	0.985665
4.67	0.999948	0.999948	0.997975	0.997975	0.985759	0.985759
4.675	0.999949	0.999949	0.997998	0.997998	0.985854	0.985854
4.68	0.99995	0.99995	0.998021	0.998021	0.985947	0.985947
4.685	0.999951	0.999951	0.998043	0.998043	0.98604	0.986041
4.69	0.999952	0.999952	0.998065	0.998065	0.986133	0.986133
4.695	0.999953	0.999953	0.998087	0.998087	0.986225	0.986225
4.7	0.999954	0.999954	0.998109	0.998109	0.986317	0.986317
4.705	0.999955	0.999955	0.99813	0.99813	0.986407	0.986408
4.71	0.999956	0.999956	0.998152	0.998152	0.986498	0.986498
4.715	0.999957	0.999957	0.998173	0.998173	0.986588	0.986588
4.72	0.999958	0.999958	0.998193	0.998193	0.986677	0.986677
4.725	0.999959	0.999959	0.998214	0.998214	0.986766	0.986766
4.73	0.99996	0.99996	0.998234	0.998234	0.986854	0.986854
4.735	0.99996	0.99996	0.998255	0.998255	0.986942	0.986942
4.74	0.999961	0.999961	0.998274	0.998275	0.987029	0.987029
4.745	0.999962	0.999962	0.998294	0.998294	0.987116	0.987116
4.75	0.999963	0.999963	0.998314	0.998314	0.987202	0.987202
4.755	0.999964	0.999964	0.998333	0.998333	0.987287	0.987288
4.76	0.999964	0.999964	0.998352	0.998352	0.987373	0.987373
4.765	0.999965	0.999965	0.998371	0.998371	0.987457	0.987457
4.77	0.999966	0.999966	0.99839	0.99839	0.987541	0.987541
4.775	0.999966	0.999967	0.998408	0.998408	0.987625	0.987625
4.78	0.999967	0.999967	0.998427	0.998427	0.987708	0.987708
4.785	0.999968	0.999968	0.998445	0.998445	0.98779	0.98779
4.79	0.999969	0.999969	0.998463	0.998463	0.987872	0.987873
4.795	0.999969	0.999969	0.998481	0.998481	0.987954	0.987954
4.8	0.99997	0.99997	0.998498	0.998498	0.988035	0.988035
4.805	0.99997	0.999971	0.998515	0.998516	0.988116	0.988116
4.81	0.999971	0.999971	0.998533	0.998533	0.988196	0.988196
4.815	0.999972	0.999972	0.99855	0.99855	0.988275	0.988275
4.82	0.999972	0.999972	0.998566	0.998567	0.988354	0.988354
4.825	0.999973	0.999973	0.998583	0.998583	0.988433	0.988433
4.83	0.999973	0.999973	0.9986	0.9986	0.988511	0.988511
4.835	0.999974	0.999974	0.998616	0.998616	0.988589	0.988589
4.84	0.999975	0.999975	0.998632	0.998632	0.988666	0.988666
4.845	0.999975	0.999975	0.998648	0.998648	0.988743	0.988743
4.85	0.999976	0.999976	0.998664	0.998664	0.988819	0.988819
4.855	0.999976	0.999976	0.998679	0.998679	0.988895	0.988895
4.86	0.999977	0.999977	0.998695	0.998695	0.98897	0.98897
4.865	0.999977	0.999977	0.99871	0.99871	0.989045	0.989045
4.87	0.999978	0.999978	0.998725	0.998725	0.989119	0.989119
4.875	0.999978	0.999978	0.99874	0.99874	0.989193	0.989193
4.88	0.999979	0.999979	0.998755	0.998755	0.989267	0.989267
4.885	0.999979	0.999979	0.998769	0.998769	0.98934	0.98934
4.89	0.99998	0.99998	0.998784	0.998784	0.989412	0.989412
4.895	0.99998	0.99998	0.998798	0.998798	0.989484	0.989485
4.9	0.99998	0.99998	0.998812	0.998812	0.989556	0.989556
4.905	0.999981	0.999981	0.998826	0.998826	0.989627	0.989627
4.91	0.999981	0.999981	0.99884	0.99884	0.989698	0.989698
4.915	0.999982	0.999982	0.998854	0.998854	0.989769	0.989769
4.92	0.999982	0.999982	0.998867	0.998867	0.989838	0.989839
4.925	0.999982	0.999982	0.998881	0.998881	0.989908	0.989908
4.93	0.999983	0.999983	0.998894	0.998894	0.989977	0.989977
4.935	0.999983	0.999983	0.998907	0.998907	0.990046	0.990046
4.94	0.999984	0.999984	0.99892	0.99892	0.990114	0.990114
4.945	0.999984	0.999984	0.998933	0.998933	0.990182	0.990182
4.95	0.999984	0.999984	0.998945	0.998945	0.990249	0.990249
4.955	0.999985	0.999985	0.998958	0.998958	0.990316	0.990316
4.96	0.999985	0.999985	0.99897	0.99897	0.990383	0.990383
4.965	0.999985	0.999985	0.998982	0.998983	0.990449	0.990449
4.97	0.999986	0.999986	0.998995	0.998995	0.990514	0.990515
4.975	0.999986	0.999986	0.999007	0.999007	0.99058	0.99058
4.98	0.999986	0.999986	0.999018	0.999018	0.990645	0.990645
4.985	0.999986	0.999986	0.99903	0.99903	0.990709	0.990709
4.99	0.999987	0.999987	0.999042	0.999042	0.990773	0.990773
4.995	0.999987	0.999987	0.999053	0.999053	0.990837	0.990837
5	0.999987	0.999987	0.999064	0.999065	0.9909	0.9909
5.005	0.999988	0.999988	0.999076	0.999076	0.990963	0.990963
5.01	0.999988	0.999988	0.999087	0.999087	0.991026	0.991026
5.015	0.999988	0.999988	0.999098	0.999098	0.991088	0.991088
5.02	0.999988	0.999988	0.999109	0.999109	0.991149	0.991149
5.025	0.999989	0.999989	0.999119	0.999119	0.991211	0.991211
5.03	0.999989	0.999989	0.99913	0.99913	0.991272	0.991272
5.035	0.999989	0.999989	0.99914	0.99914	0.991332	0.991332
5.04	0.999989	0.999989	0.999151	0.999151	0.991392	0.991392
5.045	0.99999	0.99999	0.999161	0.999161	0.991452	0.991452
5.05	0.99999	0.99999	0.999171	0.999171	0.991512	0.991512
5.055	0.99999	0.99999	0.999181	0.999181	0.991571	0.991571
5.06	0.99999	0.99999	0.999191	0.999191	0.991629	0.991629
5.065	0.999991	0.999991	0.999201	0.999201	0.991688	0.991688
5.07	0.999991	0.999991	0.99921	0.999211	0.991746	0.991746
5.075	0.999991	0.999991	0.99922	0.99922	0.991803	0.991803
5.08	0.999991	0.999991	0.99923	0.99923	0.99186	0.99186
5.085	0.999991	0.999991	0.999239	0.999239	0.991917	0.991917
5.09	0.999992	0.999992	0.999248	0.999248	0.991974	0.991974
5.095	0.999992	0.999992	0.999257	0.999257	0.99203	0.99203
5.1	0.999992	0.999992	0.999266	0.999266	0.992086	0.992086
5.105	0.999992	0.999992	0.999275	0.999275	0.992141	0.992141
5.11	0.999992	0.999992	0.999284	0.999284	0.992196	0.992196
5.115	0.999992	0.999992	0.999293	0.999293	0.992251	0.992251
5.12	0.999993	0.999993	0.999301	0.999302	0.992305	0.992305
5.125	0.999993	0.999993	0.99931	0.99931	0.992359	0.992359
5.13	0.999993	0.999993	0.999318	0.999319	0.992413	0.992413
5.135	0.999993	0.999993	0.999327	0.999327	0.992466	0.992466
5.14	0.999993	0.999993	0.999335	0.999335	0.992519	0.992519
5.145	0.999993	0.999993	0.999343	0.999343	0.992572	0.992572
5.15	0.999994	0.999994	0.999351	0.999351	0.992624	0.992624
5.155	0.999994	0.999994	0.999359	0.999359	0.992676	0.992676
5.16	0.999994	0.999994	0.999367	0.999367	0.992728	0.992728
5.165	0.999994	0.999994	0.999375	0.999375	0.992779	0.992779
5.17	0.999994	0.999994	0.999383	0.999383	0.99283	0.99283
5.175	0.999994	0.999994	0.99939	0.99939	0.992881	0.992881
5.18	0.999994	0.999994	0.999398	0.999398	0.992931	0.992931
5.185	0.999995	0.999995	0.999405	0.999405	0.992981	0.992981
5.19	0.999995	0.999995	0.999413	0.999413	0.993031	0.993031
5.195	0.999995	0.999995	0.99942	0.99942	0.99308	0.99308
5.2	0.999995	0.999995	0.999427	0.999427	0.993129	0.993129
5.205	0.999995	0.999995	0.999434	0.999434	0.993178	0.993178
5.21	0.999995	0.999995	0.999441	0.999441	0.993226	0.993227
5.215	0.999995	0.999995	0.999448	0.999448	0.993275	0.993275
5.22	0.999995	0.999995	0.999455	0.999455	0.993322	0.993322
5.225	0.999995	0.999995	0.999462	0.999462	0.99337	0.99337
5.23	0.999996	0.999996	0.999468	0.999469	0.993417	0.993417
5.235	0.999996	0.999996	0.999475	0.999475	0.993464	0.993464
5.24	0.999996	0.999996	0.999482	0.999482	0.99351	0.993511
5.245	0.999996	0.999996	0.999488	0.999488	0.993557	0.993557
5.25	0.999996	0.999996	0.999494	0.999495	0.993603	0.993603
5.255	0.999996	0.999996	0.999501	0.999501	0.993648	0.993648
5.26	0.999996	0.999996	0.999507	0.999507	0.993694	0.993694
5.265	0.999996	0.999996	0.999513	0.999513	0.993739	0.993739
5.27	0.999996	0.999996	0.999519	0.999519	0.993784	0.993784
5.275	0.999996	0.999996	0.999525	0.999525	0.993828	0.993828
5.28	0.999996	0.999996	0.999531	0.999531	0.993872	0.993872
5.285	0.999997	0.999997	0.999537	0.999537	0.993916	0.993916
5.29	0.999997	0.999997	0.999543	0.999543	0.99396	0.99396
5.295	0.999997	0.999997	0.999549	0.999549	0.994003	0.994003
5.3	0.999997	0.999997	0.999554	0.999555	0.994046	0.994046
5.305	0.999997	0.999997	0.99956	0.99956	0.994089	0.994089
5.31	0.999997	0.999997	0.999566	0.999566	0.994132	0.994132
5.315	0.999997	0.999997	0.999571	0.999571	0.994174	0.994174
5.32	0.999997	0.999997	0.999577	0.999577	0.994216	0.994216
5.325	0.999997	0.999997	0.999582	0.999582	0.994257	0.994258
5.33	0.999997	0.999997	0.999587	0.999587	0.994299	0.994299
5.335	0.999997	0.999997	0.999592	0.999592	0.99434	0.99434
5.34	0.999997	0.999997	0.999598	0.999598	0.994381	0.994381
5.345	0.999997	0.999997	0.999603	0.999603	0.994421	0.994422
5.35	0.999997	0.999997	0.999608	0.999608	0.994462	0.994462
5.355	0.999998	0.999998	0.999613	0.999613	0.994502	0.994502
5.36	0.999998	0.999998	0.999618	0.999618	0.994542	0.994542
5.365	0.999998	0.999998	0.999623	0.999623	0.994581	0.994581
5.37	0.999998	0.999998	0.999627	0.999627	0.99462	0.994621
5.375	0.999998	0.999998	0.999632	0.999632	0.994659	0.99466
5.38	0.999998	0.999998	0.999637	0.999637	0.994698	0.994698
5.385	0.999998	0.999998	0.999641	0.999641	0.994737	0.994737
5.39	0.999998	0.999998	0.999646	0.999646	0.994775	0.994775
5.395	0.999998	0.999998	0.999651	0.999651	0.994813	0.994813
5.4	0.999998	0.999998	0.999655	0.999655	0.994851	0.994851
5.405	0.999998	0.999998	0.999659	0.99966	0.994888	0.994888
5.41	0.999998	0.999998	0.999664	0.999664	0.994925	0.994926
5.415	0.999998	0.999998	0.999668	0.999668	0.994962	0.994963
5.42	0.999998	0.999998	0.999672	0.999672	0.994999	0.994999
5.425	0.999998	0.999998	0.999677	0.999677	0.995036	0.995036
5.43	0.999998	0.999998	0.999681	0.999681	0.995072	0.995072
5.435	0.999998	0.999998	0.999685	0.999685	0.995108	0.995108
5.44	0.999998	0.999998	0.999689	0.999689	0.995144	0.995144
5.445	0.999998	0.999998	0.999693	0.999693	0.995179	0.995179
5.45	0.999998	0.999998	0.999697	0.999697	0.995215	0.995215
5.455	0.999998	0.999998	0.999701	0.999701	0.99525	0.99525
5.46	0.999998	0.999999	0.999705	0.999705	0.995284	0.995285
5.465	0.999999	0.999999	0.999709	0.999709	0.995319	0.995319
5.47	0.999999	0.999999	0.999712	0.999712	0.995353	0.995354
5.475	0.999999	0.999999	0.999716	0.999716	0.995388	0.995388
5.48	0.999999	0.999999	0.99972	0.99972	0.995421	0.995422
5.485	0.999999	0.999999	0.999723	0.999723	0.995455	0.995455
5.49	0.999999	0.999999	0.999727	0.999727	0.995489	0.995489
5.495	0.999999	0.999999	0.999731	0.999731	0.995522	0.995522
5.5	0.999999	0.999999	0.999734	0.999734	0.995555	0.995555
5.505	0.999999	0.999999	0.999738	0.999738	0.995588	0.995588
5.51	0.999999	0.999999	0.999741	0.999741	0.99562	0.99562
5.515	0.999999	0.999999	0.999744	0.999744	0.995653	0.995653
5.52	0.999999	0.999999	0.999748	0.999748	0.995685	0.995685
5.525	0.999999	0.999999	0.999751	0.999751	0.995717	0.995717
5.53	0.999999	0.999999	0.999754	0.999754	0.995748	0.995748
5.535	0.999999	0.999999	0.999757	0.999757	0.99578	0.99578
5.54	0.999999	0.999999	0.999761	0.999761	0.995811	0.995811
5.545	0.999999	0.999999	0.999764	0.999764	0.995842	0.995842
5.55	0.999999	0.999999	0.999767	0.999767	0.995873	0.995873
5.555	0.999999	0.999999	0.99977	0.99977	0.995904	0.995904
5.56	0.999999	0.999999	0.999773	0.999773	0.995934	0.995934
5.565	0.999999	0.999999	0.999776	0.999776	0.995964	0.995964
5.57	0.999999	0.999999	0.999779	0.999779	0.995994	0.995994
5.575	0.999999	0.999999	0.999782	0.999782	0.996024	0.996024
5.58	0.999999	0.999999	0.999785	0.999785	0.996054	0.996054
5.585	0.999999	0.999999	0.999788	0.999788	0.996083	0.996083
5.59	0.999999	0.999999	0.99979	0.99979	0.996112	0.996112
5.595	0.999999	0.999999	0.999793	0.999793	0.996141	0.996141
5.6	0.999999	0.999999	0.999796	0.999796	0.99617	0.99617
5.605	0.999999	0.999999	0.999799	0.999799	0.996199	0.996199
5.61	0.999999	0.999999	0.999801	0.999801	0.996227	0.996227
5.615	0.999999	0.999999	0.999804	0.999804	0.996255	0.996255
5.62	0.999999	0.999999	0.999806	0.999807	0.996283	0.996283
5.625	0.999999	0.999999	0.999809	0.999809	0.996311	0.996311
5.63	0.999999	0.999999	0.999812	0.999812	0.996339	0.996339
5.635	0.999999	0.999999	0.999814	0.999814	0.996366	0.996366
5.64	0.999999	0.999999	0.999817	0.999817	0.996394	0.996394
5.645	0.999999	0.999999	0.999819	0.999819	0.996421	0.996421
5.65	0.999999	0.999999	0.999821	0.999821	0.996448	0.996448
5.655	0.999999	0.999999	0.999824	0.999824	0.996474	0.996474
5.66	0.999999	0.999999	0.999826	0.999826	0.996501	0.996501
5.665	0.999999	0.999999	0.999829	0.999829	0.996527	0.996527
5.67	0.999999	0.999999	0.999831	0.999831	0.996553	0.996553
5.675	0.999999	0.999999	0.999833	0.999833	0.996579	0.996579
5.68	0.999999	0.999999	0.999835	0.999835	0.996605	0.996605
5.685	1	1	0.999838	0.999838	0.996631	0.996631
5.69	1	1	0.99984	0.99984	0.996656	0.996656
5.695	1	1	0.999842	0.999842	0.996681	0.996681
5.7	1	1	0.999844	0.999844	0.996707	0.996707
5.705	1	1	0.999846	0.999846	0.996731	0.996732
5.71	1	1	0.999848	0.999848	0.996756	0.996756
5.715	1	1	0.99985	0.99985	0.996781	0.996781
5.72	1	1	0.999852	0.999852	0.996805	0.996805
5.725	1	1	0.999854	0.999854	0.996829	0.996829
5.73	1	1	0.999856	0.999856	0.996853	0.996854
5.735	1	1	0.999858	0.999858	0.996877	0.996877
5.74	1	1	0.99986	0.99986	0.996901	0.996901
5.745	1	1	0.999862	0.999862	0.996925	0.996925
5.75	1	1	0.999864	0.999864	0.996948	0.996948
5.755	1	1	0.999866	0.999866	0.996971	0.996971
5.76	1	1	0.999868	0.999868	0.996994	0.996994
5.765	1	1	0.999869	0.999869	0.997017	0.997017
5.77	1	1	0.999871	0.999871	0.99704	0.99704
5.775	1	1	0.999873	0.999873	0.997063	0.997063
5.78	1	1	0.999875	0.999875	0.997085	0.997085
5.785	1	1	0.999876	0.999876	0.997107	0.997107
5.79	1	1	0.999878	0.999878	0.99713	0.99713
5.795	1	1	0.99988	0.99988	0.997152	0.997152
5.8	1	1	0.999881	0.999881	0.997173	0.997173
5.805	1	1	0.999883	0.999883	0.997195	0.997195
5.81	1	1	0.999885	0.999885	0.997217	0.997217
5.815	1	1	0.999886	0.999886	0.997238	0.997238
5.82	1	1	0.999888	0.999888	0.997259	0.997259
5.825	1	1	0.999889	0.999889	0.99728	0.99728
5.83	1	1	0.999891	0.999891	0.997301	0.997301
5.835	1	1	0.999892	0.999892	0.997322	0.997322
5.84	1	1	0.999894	0.999894	0.997342	0.997343
5.845	1	1	0.999895	0.999895	0.997363	0.997363
5.85	1	1	0.999897	0.999897	0.997383	0.997383
5.855	1	1	0.999898	0.999898	0.997403	0.997404
5.86	1	1	0.999899	0.999899	0.997423	0.997424
5.865	1	1	0.999901	0.999901	0.997443	0.997443
5.87	1	1	0.999902	0.999902	0.997463	0.997463
5.875	1	1	0.999904	0.999904	0.997483	0.997483
5.88	1	1	0.999905	0.999905	0.997502	0.997502
5.885	1	1	0.999906	0.999906	0.997522	0.997522
5.89	1	1	0.999908	0.999908	0.997541	0.997541
5.895	1	1	0.999909	0.999909	0.99756	0.99756
5.9	1	1	0.99991	0.99991	0.997579	0.997579
5.905	1	1	0.999911	0.999911	0.997598	0.997598
5.91	1	1	0.999913	0.999913	0.997616	0.997616
5.915	1	1	0.999914	0.999914	0.997635	0.997635
5.92	1	1	0.999915	0.999915	0.997653	0.997653
5.925	1	1	0.999916	0.999916	0.997671	0.997671
5.93	1	1	0.999917	0.999917	0.99769	0.99769
5.935	1	1	0.999918	0.999919	0.997708	0.997708
5.94	1	1	0.99992	0.99992	0.997725	0.997725
5.945	1	1	0.999921	0.999921	0.997743	0.997743
5.95	1	1	0.999922	0.999922	0.997761	0.997761
5.955	1	1	0.999923	0.999923	0.997778	0.997778
5.96	1	1	0.999924	0.999924	0.997796	0.997796
5.965	1	1	0.999925	0.999925	0.997813	0.997813
5.97	1	1	0.999926	0.999926	0.99783	0.99783
5.975	1	1	0.999927	0.999927	0.997847	0.997847
5.98	1	1	0.999928	0.999928	0.997864	0.997864
5.985	1	1	0.999929	0.999929	0.997881	0.997881
5.99	1	1	0.99993	0.99993	0.997897	0.997897
5.995	1	1	0.999931	0.999931	0.997914	0.997914
6	1	1	0.999932	0.999932	0.99793	0.99793
6.005	1	1	0.999933	0.999933	0.997946	0.997947
6.01	1	1	0.999934	0.999934	0.997963	0.997963
6.015	1	1	0.999935	0.999935	0.997979	0.997979
6.02	1	1	0.999936	0.999936	0.997995	0.997995
6.025	1	1	0.999937	0.999937	0.99801	0.99801
6.03	1	1	0.999938	0.999938	0.998026	0.998026
6.035	1	1	0.999939	0.999939	0.998042	0.998042
6.04	1	1	0.999939	0.99994	0.998057	0.998057
6.045	1	1	0.99994	0.99994	0.998072	0.998073
6.05	1	1	0.999941	0.999941	0.998088	0.998088
6.055	1	1	0.999942	0.999942	0.998103	0.998103
6.06	1	1	0.999943	0.999943	0.998118	0.998118
6.065	1	1	0.999944	0.999944	0.998133	0.998133
6.07	1	1	0.999944	0.999944	0.998148	0.998148
6.075	1	1	0.999945	0.999945	0.998162	0.998162
6.08	1	1	0.999946	0.999946	0.998177	0.998177
6.085	1	1	0.999947	0.999947	0.998191	0.998191
6.09	1	1	0.999948	0.999948	0.998206	0.998206
6.095	1	1	0.999948	0.999948	0.99822	0.99822
6.1	1	1	0.999949	0.999949	0.998234	0.998234
6.105	1	1	0.99995	0.99995	0.998248	0.998248
6.11	1	1	0.999951	0.999951	0.998262	0.998262
6.115	1	1	0.999951	0.999951	0.998276	0.998276
6.12	1	1	0.999952	0.999952	0.99829	0.99829
6.125	1	1	0.999953	0.999953	0.998303	0.998303
6.13	1	1	0.999953	0.999953	0.998317	0.998317
6.135	1	1	0.999954	0.999954	0.99833	0.99833
6.14	1	1	0.999955	0.999955	0.998344	0.998344
6.145	1	1	0.999955	0.999955	0.998357	0.998357
6.15	1	1	0.999956	0.999956	0.99837	0.99837
6.155	1	1	0.999957	0.999957	0.998383	0.998383
6.16	1	1	0.999957	0.999957	0.998396	0.998396
6.165	1	1	0.999958	0.999958	0.998409	0.998409
6.17	1	1	0.999958	0.999958	0.998422	0.998422
6.175	1	1	0.999959	0.999959	0.998434	0.998435
6.18	1	1	0.99996	0.99996	0.998447	0.998447
6.185	1	1	0.99996	0.99996	0.99846	0.99846
6.19	1	1	0.999961	0.999961	0.998472	0.998472
6.195	1	1	0.999961	0.999961	0.998484	0.998484
6.2	1	1	0.999962	0.999962	0.998496	0.998496
6.205	1	1	0.999962	0.999962	0.998509	0.998509
6.21	1	1	0.999963	0.999963	0.998521	0.998521
6.215	1	1	0.999964	0.999964	0.998533	0.998533
6.22	1	1	0.999964	0.999964	0.998544	0.998544
6.225	1	1	0.999965	0.999965	0.998556	0.998556
6.23	1	1	0.999965	0.999965	0.998568	0.998568
6.235	1	1	0.999966	0.999966	0.998579	0.998579
6.24	1	1	0.999966	0.999966	0.998591	0.998591
6.245	1	1	0.999967	0.999967	0.998602	0.998602
6.25	1	1	0.999967	0.999967	0.998614	0.998614
6.255	1	1	0.999968	0.999968	0.998625	0.998625
6.26	1	1	0.999968	0.999968	0.998636	0.998636
6.265	1	1	0.999969	0.999969	0.998647	0.998647
6.27	1	1	0.999969	0.999969	0.998658	0.998658
6.275	1	1	0.999969	0.999969	0.998669	0.998669
6.28	1	1	0.99997	0.99997	0.99868	0.99868
6.285	1	1	0.99997	0.99997	0.998691	0.998691
6.29	1	1	0.999971	0.999971	0.998701	0.998701
6.295	1	1	0.999971	0.999971	0.998712	0.998712
6.3	1	1	0.999972	0.999972	0.998722	0.998722
6.305	1	1	0.999972	0.999972	0.998733	0.998733
6.31	1	1	0.999973	0.999973	0.998743	0.998743
6.315	1	1	0.999973	0.999973	0.998753	0.998753
6.32	1	1	0.999973	0.999973	0.998764	0.998764
6.325	1	1	0.999974	0.999974	0.998774	0.998774
6.33	1	1	0.999974	0.999974	0.998784	0.998784
6.335	1	1	0.999974	0.999974	0.998794	0.998794
6.34	1	1	0.999975	0.999975	0.998804	0.998804
6.345	1	1	0.999975	0.999975	0.998813	0.998814
6.35	1	1	0.999976	0.999976	0.998823	0.998823
6.355	1	1	0.999976	0.999976	0.998833	0.998833
6.36	1	1	0.999976	0.999976	0.998842	0.998842
6.365	1	1	0.999977	0.999977	0.998852	0.998852
6.37	1	1	0.999977	0.999977	0.998861	0.998861
6.375	1	1	0.999977	0.999977	0.998871	0.998871
6.38	1	1	0.999978	0.999978	0.99888	0.99888
6.385	1	1	0.999978	0.999978	0.998889	0.998889
6.39	1	1	0.999978	0.999978	0.998899	0.998899
6.395	1	1	0.999979	0.999979	0.998908	0.998908
6.4	1	1	0.999979	0.999979	0.998917	0.998917
6.405	1	1	0.999979	0.999979	0.998926	0.998926
6.41	1	1	0.99998	0.99998	0.998934	0.998934
6.415	1	1	0.99998	0.99998	0.998943	0.998943
6.42	1	1	0.99998	0.99998	0.998952	0.998952
6.425	1	1	0.999981	0.999981	0.998961	0.998961
6.43	1	1	0.999981	0.999981	0.998969	0.998969
6.435	1	1	0.999981	0.999981	0.998978	0.998978
6.44	1	1	0.999981	0.999981	0.998986	0.998986
6.445	1	1	0.999982	0.999982	0.998995	0.998995
6.45	1	1	0.999982	0.999982	0.999003	0.999003
6.455	1	1	0.999982	0.999982	0.999011	0.999011
6.46	1	1	0.999983	0.999983	0.99902	0.99902
6.465	1	1	0.999983	0.999983	0.999028	0.999028
6.47	1	1	0.999983	0.999983	0.999036	0.999036
6.475	1	1	0.999983	0.999983	0.999044	0.999044
6.48	1	1	0.999984	0.999984	0.999052	0.999052
6.485	1	1	0.999984	0.999984	0.99906	0.99906
6.49	1	1	0.999984	0.999984	0.999068	0.999068
6.495	1	1	0.999984	0.999984	0.999075	0.999075
6.5	1	1	0.999985	0.999985	0.999083	0.999083
6.505	1	1	0.999985	0.999985	0.999091	0.999091
6.51	1	1	0.999985	0.999985	0.999098	0.999098
6.515	1	1	0.999985	0.999985	0.999106	0.999106
6.52	1	1	0.999985	0.999985	0.999114	0.999114
6.525	1	1	0.999986	0.999986	0.999121	0.999121
6.53	1	1	0.999986	0.999986	0.999128	0.999128
6.535	1	1	0.999986	0.999986	0.999136	0.999136
6.54	1	1	0.999986	0.999986	0.999143	0.999143
6.545	1	1	0.999987	0.999987	0.99915	0.99915
6.55	1	1	0.999987	0.999987	0.999157	0.999157
6.555	1	1	0.999987	0.999987	0.999164	0.999164
6.56	1	1	0.999987	0.999987	0.999171	0.999171
6.565	1	1	0.999987	0.999987	0.999178	0.999178
6.57	1	1	0.999988	0.999988	0.999185	0.999185
6.575	1	1	0.999988	0.999988	0.999192	0.999192
6.58	1	1	0.999988	0.999988	0.999199	0.999199
6.585	1	1	0.999988	0.999988	0.999206	0.999206
6.59	1	1	0.999988	0.999988	0.999212	0.999213
6.595	1	1	0.999988	0.999988	0.999219	0.999219
6.6	1	1	0.999989	0.999989	0.999226	0.999226
6.605	1	1	0.999989	0.999989	0.999232	0.999232
6.61	1	1	0.999989	0.999989	0.999239	0.999239
6.615	1	1	0.999989	0.999989	0.999245	0.999245
6.62	1	1	0.999989	0.999989	0.999252	0.999252
6.625	1	1	0.999989	0.999989	0.999258	0.999258
6.63	1	1	0.99999	0.99999	0.999264	0.999264
6.635	1	1	0.99999	0.99999	0.999271	0.999271
6.64	1	1	0.99999	0.99999	0.999277	0.999277
6.645	1	1	0.99999	0.99999	0.999283	0.999283
6.65	1	1	0.99999	0.99999	0.999289	0.999289
6.655	1	1	0.99999	0.99999	0.999295	0.999295
6.66	1	1	0.999991	0.999991	0.999301	0.999301
6.665	1	1	0.999991	0.999991	0.999307	0.999307
6.67	1	1	0.999991	0.999991	0.999313	0.999313
6.675	1	1	0.999991	0.999991	0.999319	0.999319
6.68	1	1	0.999991	0.999991	0.999325	0.999325
6.685	1	1	0.999991	0.999991	0.99933	0.99933
6.69	1	1	0.999991	0.999991	0.999336	0.999336
6.695	1	1	0.999992	0.999992	0.999342	0.999342
6.7	1	1	0.999992	0.999992	0.999348	0.999348
6.705	1	1	0.999992	0.999992	0.999353	0.999353
6.71	1	1	0.999992	0.999992	0.999359	0.999359
6.715	1	1	0.999992	0.999992	0.999364	0.999364
6.72	1	1	0.999992	0.999992	0.99937	0.99937
6.725	1	1	0.999992	0.999992	0.999375	0.999375
6.73	1	1	0.999992	0.999992	0.99938	0.99938
6.735	1	1	0.999993	0.999993	0.999386	0.999386
6.74	1	1	0.999993	0.999993	0.999391	0.999391
6.745	1	1	0.999993	0.999993	0.999396	0.999396
6.75	1	1	0.999993	0.999993	0.999401	0.999401
6.755	1	1	0.999993	0.999993	0.999407	0.999407
6.76	1	1	0.999993	0.999993	0.999412	0.999412
6.765	1	1	0.999993	0.999993	0.999417	0.999417
6.77	1	1	0.999993	0.999993	0.999422	0.999422
6.775	1	1	0.999993	0.999993	0.999427	0.999427
6.78	1	1	0.999994	0.999994	0.999432	0.999432
6.785	1	1	0.999994	0.999994	0.999437	0.999437
6.79	1	1	0.999994	0.999994	0.999442	0.999442
6.795	1	1	0.999994	0.999994	0.999446	0.999446
6.8	1	1	0.999994	0.999994	0.999451	0.999451
6.805	1	1	0.999994	0.999994	0.999456	0.999456
6.81	1	1	0.999994	0.999994	0.999461	0.999461
6.815	1	1	0.999994	0.999994	0.999465	0.999465
6.82	1	1	0.999994	0.999994	0.99947	0.99947
6.825	1	1	0.999994	0.999994	0.999475	0.999475
6.83	1	1	0.999995	0.999995	0.999479	0.999479
6.835	1	1	0.999995	0.999995	0.999484	0.999484
6.84	1	1	0.999995	0.999995	0.999488	0.999488
6.845	1	1	0.999995	0.999995	0.999493	0.999493
6.85	1	1	0.999995	0.999995	0.999497	0.999497
6.855	1	1	0.999995	0.999995	0.999502	0.999502
6.86	1	1	0.999995	0.999995	0.999506	0.999506
6.865	1	1	0.999995	0.999995	0.99951	0.99951
6.87	1	1	0.999995	0.999995	0.999515	0.999515
6.875	1	1	0.999995	0.999995	0.999519	0.999519
6.88	1	1	0.999995	0.999995	0.999523	0.999523
6.885	1	1	0.999995	0.999995	0.999527	0.999527
6.89	1	1	0.999995	0.999995	0.999531	0.999531
6.895	1	1	0.999996	0.999996	0.999535	0.999535
6.9	1	1	0.999996	0.999996	0.999539	0.999539
6.905	1	1	0.999996	0.999996	0.999544	0.999544
6.91	1	1	0.999996	0.999996	0.999548	0.999548
6.915	1	1	0.999996	0.999996	0.999552	0.999552
6.92	1	1	0.999996	0.999996	0.999555	0.999555
6.925	1	1	0.999996	0.999996	0.999559	0.999559
6.93	1	1	0.999996	0.999996	0.999563	0.999563
6.935	1	1	0.999996	0.999996	0.999567	0.999567
6.94	1	1	0.999996	0.999996	0.999571	0.999571
6.945	1	1	0.999996	0.999996	0.999575	0.999575
6.95	1	1	0.999996	0.999996	0.999578	0.999578
6.955	1	1	0.999996	0.999996	0.999582	0.999582
6.96	1	1	0.999996	0.999996	0.999586	0.999586
6.965	1	1	0.999996	0.999996	0.99959	0.99959
6.97	1	1	0.999997	0.999997	0.999593	0.999593
6.975	1	1	0.999997	0.999997	0.999597	0.999597
6.98	1	1	0.999997	0.999997	0.9996	0.9996
6.985	1	1	0.999997	0.999997	0.999604	0.999604
6.99	1	1	0.999997	0.999997	0.999607	0.999607
6.995	1	1	0.999997	0.999997	0.999611	0.999611
7	1	1	0.999997	0.999997	0.999614	0.999614
7.005	1	1	0.999997	0.999997	0.999618	0.999618
7.01	1	1	0.999997	0.999997	0.999621	0.999621
7.015	1	1	0.999997	0.999997	0.999625	0.999625
7.02	1	1	0.999997	0.999997	0.999628	0.999628
7.025	1	1	0.999997	0.999997	0.999631	0.999631
7.03	1	1	0.999997	0.999997	0.999634	0.999634
7.035	1	1	0.999997	0.999997	0.999638	0.999638
7.04	1	1	0.999997	0.999997	0.999641	0.999641
7.045	1	1	0.999997	0.999997	0.999644	0.999644
7.05	1	1	0.999997	0.999997	0.999647	0.999647
7.055	1	1	0.999997	0.999997	0.99965	0.999651
7.06	1	1	0.999997	0.999997	0.999654	0.999654
7.065	1	1	0.999997	0.999997	0.999657	0.999657
7.07	1	1	0.999997	0.999997	0.99966	0.99966
7.075	1	1	0.999998	0.999998	0.999663	0.999663
7.08	1	1	0.999998	0.999998	0.999666	0.999666
7.085	1	1	0.999998	0.999998	0.999669	0.999669
7.09	1	1	0.999998	0.999998	0.999672	0.999672
7.095	1	1	0.999998	0.999998	0.999675	0.999675
7.1	1	1	0.999998	0.999998	0.999678	0.999678
7.105	1	1	0.999998	0.999998	0.999681	0.999681
7.11	1	1	0.999998	0.999998	0.999683	0.999683
7.115	1	1	0.999998	0.999998	0.999686	0.999686
7.12	1	1	0.999998	0.999998	0.999689	0.999689
7.125	1	1	0.999998	0.999998	0.999692	0.999692
7.13	1	1	0.999998	0.999998	0.999695	0.999695
7.135	1	1	0.999998	0.999998	0.999697	0.999697
7.14	1	1	0.999998	0.999998	0.9997	0.9997
7.145	1	1	0.999998	0.999998	0.999703	0.999703
7.15	1	1	0.999998	0.999998	0.999706	0.999706
7.155	1	1	0.999998	0.999998	0.999708	0.999708
7.16	1	1	0.999998	0.999998	0.999711	0.999711
7.165	1	1	0.999998	0.999998	0.999714	0.999714
7.17	1	1	0.999998	0.999998	0.999716	0.999716
7.175	1	1	0.999998	0.999998	0.999719	0.999719
7.18	1	1	0.999998	0.999998	0.999721	0.999721
7.185	1	1	0.999998	0.999998	0.999724	0.999724
7.19	1	1	0.999998	0.999998	0.999726	0.999726
7.195	1	1	0.999998	0.999998	0.999729	0.999729
7.2	1	1	0.999998	0.999998	0.999731	0.999731
7.205	1	1	0.999998	0.999998	0.999734	0.999734
7.21	1	1	0.999998	0.999998	0.999736	0.999736
7.215	1	1	0.999998	0.999998	0.999739	0.999739
7.22	1	1	0.999998	0.999998	0.999741	0.999741
7.225	1	1	0.999999	0.999999	0.999743	0.999743
7.23	1	1	0.999999	0.999999	0.999746	0.999746
7.235	1	1	0.999999	0.999999	0.999748	0.999748
7.24	1	1	0.999999	0.999999	0.99975	0.99975
7.245	1	1	0.999999	0.999999	0.999753	0.999753
7.25	1	1	0.999999	0.999999	0.999755	0.999755
7.255	1	1	0.999999	0.999999	0.999757	0.999757
7.26	1	1	0.999999	0.999999	0.999759	0.999759
7.265	1	1	0.999999	0.999999	0.999761	0.999761
7.27	1	1	0.999999	0.999999	0.999764	0.999764
7.275	1	1	0.999999	0.999999	0.999766	0.999766
7.28	1	1	0.999999	0.999999	0.999768	0.999768
7.285	1	1	0.999999	0.999999	0.99977	0.99977
7.29	1	1	0.999999	0.999999	0.999772	0.999772
7.295	1	1	0.999999	0.999999	0.999774	0.999774
7.3	1	1	0.999999	0.999999	0.999776	0.999776
7.305	1	1	0.999999	0.999999	0.999778	0.999778
7.31	1	1	0.999999	0.999999	0.99978	0.99978
7.315	1	1	0.999999	0.999999	0.999782	0.999782
7.32	1	1	0.999999	0.999999	0.999784	0.999784
7.325	1	1	0.999999	0.999999	0.999786	0.999786
7.33	1	1	0.999999	0.999999	0.999788	0.999788
7.335	1	1	0.999999	0.999999	0.99979	0.99979
7.34	1	1	0.999999	0.999999	0.999792	0.999792
7.345	1	1	0.999999	0.999999	0.999794	0.999794
7.35	1	1	0.999999	0.999999	0.999796	0.999796
7.355	1	1	0.999999	0.999999	0.999798	0.999798
7.36	1	1	0.999999	0.999999	0.9998	0.9998
7.365	1	1	0.999999	0.999999	0.999802	0.999802
7.37	1	1	0.999999	0.999999	0.999804	0.999804
7.375	1	1	0.999999	0.999999	0.999805	0.999805
7.38	1	1	0.999999	0.999999	0.999807	0.999807
7.385	1	1	0.999999	0.999999	0.999809	0.999809
7.39	1	1	0.999999	0.999999	0.999811	0.999811
7.395	1	1	0.999999	0.999999	0.999813	0.999813
7.4	1	1	0.999999	0.999999	0.999814	0.999814
7.405	1	1	0.999999	0.999999	0.999816	0.999816
7.41	1	1	0.999999	0.999999	0.999818	0.999818
7.415	1	1	0.999999	0.999999	0.999819	0.999819
7.42	1	1	0.999999	0.999999	0.999821	0.999821
7.425	1	1	0.999999	0.999999	0.999823	0.999823
7.43	1	1	0.999999	0.999999	0.999824	0.999824
7.435	1	1	0.999999	0.999999	0.999826	0.999826
7.44	1	1	0.999999	0.999999	0.999828	0.999828
7.445	1	1	0.999999	0.999999	0.999829	0.999829
7.45	1	1	0.999999	0.999999	0.999831	0.999831
7.455	1	1	0.999999	0.999999	0.999833	0.999833
7.46	1	1	0.999999	0.999999	0.999834	0.999834
7.465	1	1	0.999999	0.999999	0.999836	0.999836
7.47	1	1	0.999999	0.999999	0.999837	0.999837
7.475	1	1	0.999999	0.999999	0.999839	0.999839
7.48	1	1	0.999999	0.999999	0.99984	0.99984
7.485	1	1	0.999999	0.999999	0.999842	0.999842
7.49	1	1	0.999999	0.999999	0.999843	0.999843
7.495	1	1	0.999999	0.999999	0.999845	0.999845
7.5	1	1	0.999999	0.999999	0.999846	0.999846
7.505	1	1	0.999999	0.999999	0.999848	0.999848
7.51	1	1	0.999999	0.999999	0.999849	0.999849
7.515	1	1	0.999999	0.999999	0.99985	0.99985
7.52	1	1	0.999999	0.999999	0.999852	0.999852
7.525	1	1	0.999999	0.999999	0.999853	0.999853
7.53	1	1	0.999999	0.999999	0.999855	0.999855
7.535	1	1	0.999999	0.999999	0.999856	0.999856
7.54	1	1	1	1	0.999857	0.999857
7.545	1	1	1	1	0.999859	0.999859
7.55	1	1	1	1	0.99986	0.99986
7.555	1	1	1	1	0.999861	0.999861
7.56	1	1	1	1	0.999863	0.999863
7.565	1	1	1	1	0.999864	0.999864
7.57	1	1	1	1	0.999865	0.999865
7.575	1	1	1	1	0.999867	0.999867
7.58	1	1	1	1	0.999868	0.999868
7.585	1	1	1	1	0.999869	0.999869
7.59	1	1	1	1	0.99987	0.99987
7.595	1	1	1	1	0.999872	0.999872
7.6	1	1	1	1	0.999873	0.999873
7.605	1	1	1	1	0.999874	0.999874
7.61	1	1	1	1	0.999875	0.999875
7.615	1	1	1	1	0.999876	0.999876
7.62	1	1	1	1	0.999878	0.999878
7.625	1	1	1	1	0.999879	0.999879
7.63	1	1	1	1	0.99988	0.99988
7.635	1	1	1	1	0.999881	0.999881
7.64	1	1	1	1	0.999882	0.999882
7.645	1	1	1	1	0.999883	0.999883
7.65	1	1	1	1	0.999884	0.999884
7.655	1	1	1	1	0.999886	0.999886
7.66	1	1	1	1	0.999887	0.999887
7.665	1	1	1	1	0.999888	0.999888
7.67	1	1	1	1	0.999889	0.999889
7.675	1	1	1	1	0.99989	0.99989
7.68	1	1	1	1	0.999891	0.999891
7.685	1	1	1	1	0.999892	0.999892
7.69	1	1	1	1	0.999893	0.999893
7.695	1	1	1	1	0.999894	0.999894
7.7	1	1	1	1	0.999895	0.999895
7.705	1	1	1	1	0.999896	0.999896
7.71	1	1	1	1	0.999897	0.999897
7.715	1	1	1	1	0.999898	0.999898
7.72	1	1	1	1	0.999899	0.999899
7.725	1	1	1	1	0.9999	0.9999
7.73	1	1	1	1	0.999901	0.999901
7.735	1	1	1	1	0.999902	0.999902
7.74	1	1	1	1	0.999903	0.999903
7.745	1	1	1	1	0.999904	0.999904
7.75	1	1	1	1	0.999905	0.999905
7.755	1	1	1	1	0.999906	0.999906
7.76	1	1	1	1	0.999907	0.999907
7.765	1	1	1	1	0.999908	0.999908
7.77	1	1	1	1	0.999908	0.999908
7.775	1	1	1	1	0.999909	0.999909
7.78	1	1	1	1	0.99991	0.99991
7.785	1	1	1	1	0.999911	0.999911
7.79	1	1	1	1	0.999912	0.999912
7.795	1	1	1	1	0.999913	0.999913
7.8	1	1	1	1	0.999914	0.999914
7.805	1	1	1	1	0.999914	0.999914
7.81	1	1	1	1	0.999915	0.999915
7.815	1	1	1	1	0.999916	0.999916
7.82	1	1	1	1	0.999917	0.999917
7.825	1	1	1	1	0.999918	0.999918
7.83	1	1	1	1	0.999919	0.999919
7.835	1	1	1	1	0.999919	0.999919
7.84	1	1	1	1	0.99992	0.99992
7.845	1	1	1	1	0.999921	0.999921
7.85	1	1	1	1	0.999922	0.999922
7.855	1	1	1	1	0.999922	0.999922
7.86	1	1	1	1	0.999923	0.999923
7.865	1	1	1	1	0.999924	0.999924
7.87	1	1	1	1	0.999925	0.999925
7.875	1	1	1	1	0.999925	0.999925
7.88	1	1	1	1	0.999926	0.999926
7.885	1	1	1	1	0.999927	0.999927
7.89	1	1	1	1	0.999928	0.999928
7.895	1	1	1	1	0.999928	0.999928
7.9	1	1	1	1	0.999929	0.999929
7.905	1	1	1	1	0.99993	0.99993
7.91	1	1	1	1	0.99993	0.99993
7.915	1	1	1	1	0.999931	0.999931
7.92	1	1	1	1	0.999932	0.999932
7.925	1	1	1	1	0.999932	0.999932
7.93	1	1	1	1	0.999933	0.999933
7.935	1	1	1	1	0.999934	0.999934
7.94	1	1	1	1	0.999934	0.999934
7.945	1	1	1	1	0.999935	0.999935
7.95	1	1	1	1	0.999936	0.999936
7.955	1	1	1	1	0.999936	0.999936
7.96	1	1	1	1	0.999937	0.999937
7.965	1	1	1	1	0.999938	0.999938
7.97	1	1	1	1	0.999938	0.999938
7.975	1	1	1	1	0.999939	0.999939
7.98	1	1	1	1	0.999939	0.999939
7.985	1	1	1	1	0.99994	0.99994
7.99	1	1	1	1	0.999941	0.999941
7.995	1	1	1	1	0.999941	0.999941
8	1	1	1	1	0.999942	0.999942
8.005	1	1	1	1	0.999942	0.999942
8.01	1	1	1	1	0.999943	0.999943
8.015	1	1	1	1	0.999944	0.999944
8.02	1	1	1	1	0.999944	0.999944
8.025	1	1	1	1	0.999945	0.999945
8.03	1	1	1	1	0.999945	0.999945
8.035	1	1	1	1	0.999946	0.999946
8.04	1	1	1	1	0.999946	0.999946
8.045	1	1	1	1	0.999947	0.999947
8.05	1	1	1	1	0.999947	0.999947
8.055	1	1	1	1	0.999948	0.999948
8.06	1	1	1	1	0.999948	0.999948
8.065	1	1	1	1	0.999949	0.999949
8.07	1	1	1	1	0.999949	0.999949
8.075	1	1	1	1	0.99995	0.99995
8.08	1	1	1	1	0.99995	0.99995
8.085	1	1	1	1	0.999951	0.999951
8.09	1	1	1	1	0.999951	0.999951
8.095	1	1	1	1	0.999952	0.999952
8.1	1	1	1	1	0.999952	0.999952
8.105	1	1	1	1	0.999953	0.999953
8.11	1	1	1	1	0.999953	0.999953
8.115	1	1	1	1	0.999954	0.999954
8.12	1	1	1	1	0.999954	0.999954
8.125	1	1	1	1	0.999955	0.999955
8.13	1	1	1	1	0.999955	0.999955
8.135	1	1	1	1	0.999956	0.999956
8.14	1	1	1	1	0.999956	0.999956
8.145	1	1	1	1	0.999957	0.999957
8.15	1	1	1	1	0.999957	0.999957
8.155	1	1	1	1	0.999957	0.999957
8.16	1	1	1	1	0.999958	0.999958
8.165	1	1	1	1	0.999958	0.999958
8.17	1	1	1	1	0.999959	0.999959
8.175	1	1	1	1	0.999959	0.999959
8.18	1	1	1	1	0.99996	0.99996
8.185	1	1	1	1	0.99996	0.99996
8.19	1	1	1	1	0.99996	0.99996
8.195	1	1	1	1	0.999961	0.999961
8.2	1	1	1	1	0.999961	0.999961
8.205	1	1	1	1	0.999962	0.999962
8.21	1	1	1	1	0.999962	0.999962
8.215	1	1	1	1	0.999962	0.999962
8.22	1	1	1	1	0.999963	0.999963
8.225	1	1	1	1	0.999963	0.999963
8.23	1	1	1	1	0.999964	0.999964
8.235	1	1	1	1	0.999964	0.999964
8.24	1	1	1	1	0.999964	0.999964
8.245	1	1	1	1	0.999965	0.999965
8.25	1	1	1	1	0.999965	0.999965
8.255	1	1	1	1	0.999965	0.999965
8.26	1	1	1	1	0.999966	0.999966
8.265	1	1	1	1	0.999966	0.999966
8.27	1	1	1	1	0.999966	0.999966
8.275	1	1	1	1	0.999967	0.999967
8.28	1	1	1	1	0.999967	0.999967
8.285	1	1	1	1	0.999967	0.999967
8.29	1	1	1	1	0.999968	0.999968
8.295	1	1	1	1	0.999968	0.999968
8.3	1	1	1	1	0.999968	0.999968
8.305	1	1	1	1	0.999969	0.999969
8.31	1	1	1	1	0.999969	0.999969
8.315	1	1	1	1	0.999969	0.999969
8.32	1	1	1	1	0.99997	0.99997
8.325	1	1	1	1	0.99997	0.99997
8.33	1	1	1	1	0.99997	0.99997
8.335	1	1	1	1	0.999971	0.999971
8.34	1	1	1	1	0.999971	0.999971
8.345	1	1	1	1	0.999971	0.999971
8.35	1	1	1	1	0.999972	0.999972
8.355	1	1	1	1	0.999972	0.999972
8.36	1	1	1	1	0.999972	0.999972
8.365	1	1	1	1	0.999972	0.999972
8.37	1	1	1	1	0.999973	0.999973
8.375	1	1	1	1	0.999973	0.999973
8.38	1	1	1	1	0.999973	0.999973
8.385	1	1	1	1	0.999974	0.999974
8.39	1	1	1	1	0.999974	0.999974
8.395	1	1	1	1	0.999974	0.999974
8.4	1	1	1	1	0.999974	0.999974
8.405	1	1	1	1	0.999975	0.999975
8.41	1	1	1	1	0.999975	0.999975
8.415	1	1	1	1	0.999975	0.999975
8.42	1	1	1	1	0.999975	0.999975
8.425	1	1	1	1	0.999976	0.999976
8.43	1	1	1	1	0.999976	0.999976
8.435	1	1	1	1	0.999976	0.999976
8.44	1	1	1	1	0.999976	0.999976
8.445	1	1	1	1	0.999977	0.999977
8.45	1	1	1	1	0.999977	0.999977
8.455	1	1	1	1	0.999977	0.999977
8.46	1	1	1	1	0.999977	0.999977
8.465	1	1	1	1	0.999978	0.999978
8.47	1	1	1	1	0.999978	0.999978
8.475	1	1	1	1	0.999978	0.999978
8.48	1	1	1	1	0.999978	0.999978
8.485	1	1	1	1	0.999979	0.999979
8.49	1	1	1	1	0.999979	0.999979
8.495	1	1	1	1	0.999979	0.999979
8.5	1	1	1	1	0.999979	0.999979
8.505	1	1	1	1	0.999979	0.999979
8.51	1	1	1	1	0.99998	0.99998
8.515	1	1	1	1	0.99998	0.99998
8.52	1	1	1	1	0.99998	0.99998
8.525	1	1	1	1	0.99998	0.99998
8.53	1	1	1	1	0.99998	0.99998
8.535	1	1	1	1	0.999981	0.999981
8.54	1	1	1	1	0.999981	0.999981
8.545	1	1	1	1	0.999981	0.999981
8.55	1	1	1	1	0.999981	0.999981
8.555	1	1	1	1	0.999981	0.999981
8.56	1	1	1	1	0.999982	0.999982
8.565	1	1	1	1	0.999982	0.999982
8.57	1	1	1	1	0.999982	0.999982
8.575	1	1	1	1	0.999982	0.999982
8.58	1	1	1	1	0.999982	0.999982
8.585	1	1	1	1	0.999983	0.999983
8.59	1	1	1	1	0.999983	0.999983
8.595	1	1	1	1	0.999983	0.999983
8.6	1	1	1	1	0.999983	0.999983
8.605	1	1	1	1	0.999983	0.999983
8.61	1	1	1	1	0.999984	0.999984
8.615	1	1	1	1	0.999984	0.999984
8.62	1	1	1	1	0.999984	0.999984
8.625	1	1	1	1	0.999984	0.999984
8.63	1	1	1	1	0.999984	0.999984
8.635	1	1	1	1	0.999984	0.999984
8.64	1	1	1	1	0.999985	0.999985
8.645	1	1	1	1	0.999985	0.999985
8.65	1	1	1	1	0.999985	0.999985
8.655	1	1	1	1	0.999985	0.999985
8.66	1	1	1	1	0.999985	0.999985
8.665	1	1	1	1	0.999985	0.999985
8.67	1	1	1	1	0.999986	0.999986
8.675	1	1	1	1	0.999986	0.999986
8.68	1	1	1	1	0.999986	0.999986
8.685	1	1	1	1	0.999986	0.999986
8.69	1	1	1	1	0.999986	0.999986
8.695	1	1	1	1	0.999986	0.999986
8.7	1	1	1	1	0.999986	0.999986
8.705	1	1	1	1	0.999987	0.999987
8.71	1	1	1	1	0.999987	0.999987
8.715	1	1	1	1	0.999987	0.999987
8.72	1	1	1	1	0.999987	0.999987
8.725	1	1	1	1	0.999987	0.999987
8.73	1	1	1	1	0.999987	0.999987
8.735	1	1	1	1	0.999987	0.999987
8.74	1	1	1	1	0.999988	0.999988
8.745	1	1	1	1	0.999988	0.999988
8.75	1	1	1	1	0.999988	0.999988
8.755	1	1	1	1	0.999988	0.999988
8.76	1	1	1	1	0.999988	0.999988
8.765	1	1	1	1	0.999988	0.999988
8.77	1	1	1	1	0.999988	0.999988
8.775	1	1	1	1	0.999988	0.999988
8.78	1	1	1	1	0.999989	0.999989
8.785	1	1	1	1	0.999989	0.999989
8.79	1	1	1	1	0.999989	0.999989
8.795	1	1	1	1	0.999989	0.999989
8.8	1	1	1	1	0.999989	0.999989
8.805	1	1	1	1	0.999989	0.999989
8.81	1	1	1	1	0.999989	0.999989
8.815	1	1	1	1	0.999989	0.999989
8.82	1	1	1	1	0.99999	0.99999
8.825	1	1	1	1	0.99999	0.99999
8.83	1	1	1	1	0.99999	0.99999
8.835	1	1	1	1	0.99999	0.99999
8.84	1	1	1	1	0.99999	0.99999
8.845	1	1	1	1	0.99999	0.99999
8.85	1	1	1	1	0.99999	0.99999
8.855	1	1	1	1	0.99999	0.99999
8.86	1	1	1	1	0.99999	0.99999
8.865	1	1	1	1	0.999991	0.999991
8.87	1	1	1	1	0.999991	0.999991
8.875	1	1	1	1	0.999991	0.999991
8.88	1	1	1	1	0.999991	0.999991
8.885	1	1	1	1	0.999991	0.999991
8.89	1	1	1	1	0.999991	0.999991
8.895	1	1	1	1	0.999991	0.999991
8.9	1	1	1	1	0.999991	0.999991
8.905	1	1	1	1	0.999991	0.999991
8.91	1	1	1	1	0.999991	0.999991
8.915	1	1	1	1	0.999992	0.999992
8.92	1	1	1	1	0.999992	0.999992
8.925	1	1	1	1	0.999992	0.999992
8.93	1	1	1	1	0.999992	0.999992
8.935	1	1	1	1	0.999992	0.999992
8.94	1	1	1	1	0.999992	0.999992
8.945	1	1	1	1	0.999992	0.999992
8.95	1	1	1	1	0.999992	0.999992
8.955	1	1	1	1	0.999992	0.999992
8.96	1	1	1	1	0.999992	0.999992
8.965	1	1	1	1	0.999992	0.999992
8.97	1	1	1	1	0.999992	0.999992
8.975	1	1	1	1	0.999993	0.999993
8.98	1	1	1	1	0.999993	0.999993
8.985	1	1	1	1	0.999993	0.999993
8.99	1	1	1	1	0.999993	0.999993
8.995	1	1	1	1	0.999993	0.999993
9	1	1	1	1	0.999993	0.999993
9.005	1	1	1	1	0.999993	0.999993
9.01	1	1	1	1	0.999993	0.999993
9.015	1	1	1	1	0.999993	0.999993
9.02	1	1	1	1	0.999993	0.999993
9.025	1	1	1	1	0.999993	0.999993
9.03	1	1	1	1	0.999993	0.999993
9.035	1	1	1	1	0.999993	0.999993
9.04	1	1	1	1	0.999994	0.999994
9.045	1	1	1	1	0.999994	0.999994
9.05	1	1	1	1	0.999994	0.999994
9.055	1	1	1	1	0.999994	0.999994
9.06	1	1	1	1	0.999994	0.999994
9.065	1	1	1	1	0.999994	0.999994
9.07	1	1	1	1	0.999994	0.999994
9.075	1	1	1	1	0.999994	0.999994
9.08	1	1	1	1	0.999994	0.999994
9.085	1	1	1	1	0.999994	0.999994
9.09	1	1	1	1	0.999994	0.999994
9.095	1	1	1	1	0.999994	0.999994
9.1	1	1	1	1	0.999994	0.999994
9.105	1	1	1	1	0.999994	0.999994
9.11	1	1	1	1	0.999994	0.999994
9.115	1	1	1	1	0.999995	0.999995
9.12	1	1	1	1	0.999995	0.999995
9.125	1	1	1	1	0.999995	0.999995
9.13	1	1	1	1	0.999995	0.999995
9.135	1	1	1	1	0.999995	0.999995
9.14	1	1	1	1	0.999995	0.999995
9.145	1	1	1	1	0.999995	0.999995
9.15	1	1	1	1	0.999995	0.999995
9.155	1	1	1	1	0.999995	0.999995
9.16	1	1	1	1	0.999995	0.999995
9.165	1	1	1	1	0.999995	0.999995
9.17	1	1	1	1	0.999995	0.999995
9.175	1	1	1	1	0.999995	0.999995
9.18	1	1	1	1	0.999995	0.999995
9.185	1	1	1	1	0.999995	0.999995
9.19	1	1	1	1	0.999995	0.999995
9.195	1	1	1	1	0.999995	0.999995
9.2	1	1	1	1	0.999996	0.999996
9.205	1	1	1	1	0.999996	0.999996
9.21	1	1	1	1	0.999996	0.999996
9.215	1	1	1	1	0.999996	0.999996
9.22	1	1	1	1	0.999996	0.999996
9.225	1	1	1	1	0.999996	0.999996
9.23	1	1	1	1	0.999996	0.999996
9.235	1	1	1	1	0.999996	0.999996
9.24	1	1	1	1	0.999996	0.999996
9.245	1	1	1	1	0.999996	0.999996
9.25	1	1	1	1	0.999996	0.999996
9.255	1	1	1	1	0.999996	0.999996
9.26	1	1	1	1	0.999996	0.999996
9.265	1	1	1	1	0.999996	0.999996
9.27	1	1	1	1	0.999996	0.999996
9.275	1	1	1	1	0.999996	0.999996
9.28	1	1	1	1	0.999996	0.999996
9.285	1	1	1	1	0.999996	0.999996
9.29	1	1	1	1	0.999996	0.999996
9.295	1	1	1	1	0.999996	0.999996
9.3	1	1	1	1	0.999996	0.999996
9.305	1	1	1	1	0.999996	0.999996
9.31	1	1	1	1	0.999997	0.999997
9.315	1	1	1	1	0.999997	0.999997
9.32	1	1	1	1	0.999997	0.999997
9.325	1	1	1	1	0.999997	0.999997
9.33	1	1	1	1	0.999997	0.999997
9.335	1	1	1	1	0.999997	0.999997
9.34	1	1	1	1	0.999997	0.999997
9.345	1	1	1	1	0.999997	0.999997
9.35	1	1	1	1	0.999997	0.999997
9.355	1	1	1	1	0.999997	0.999997
9.36	1	1	1	1	0.999997	0.999997
9.365	1	1	1	1	0.999997	0.999997
9.37	1	1	1	1	0.999997	0.999997
9.375	1	1	1	1	0.999997	0.999997
9.38	1	1	1	1	0.999997	0.999997
9.385	1	1	1	1	0.999997	0.999997
9.39	1	1	1	1	0.999997	0.999997
9.395	1	1	1	1	0.999997	0.999997
9.4	1	1	1	1	0.999997	0.999997
9.405	1	1	1	1	0.999997	0.999997
9.41	1	1	1	1	0.999997	0.999997
9.415	1	1	1	1	0.999997	0.999997
9.42	1	1	1	1	0.999997	0.999997
9.425	1	1	1	1	0.999997	0.999997
9.43	1	1	1	1	0.999997	0.999997
9.435	1	1	1	1	0.999997	0.999997
9.44	1	1	1	1	0.999997	0.999997
9.445	1	1	1	1	0.999997	0.999997
9.45	1	1	1	1	0.999997	0.999997
9.455	1	1	1	1	0.999998	0.999998
9.46	1	1	1	1	0.999998	0.999998
9.465	1	1	1	1	0.999998	0.999998
9.47	1	1	1	1	0.999998	0.999998
9.475	1	1	1	1	0.999998	0.999998
9.48	1	1	1	1	0.999998	0.999998
9.485	1	1	1	1	0.999998	0.999998
9.49	1	1	1	1	0.999998	0.999998
9.495	1	1	1	1	0.999998	0.999998
9.5	1	1	1	1	0.999998	0.999998
9.505	1	1	1	1	0.999998	0.999998
9.51	1	1	1	1	0.999998	0.999998
9.515	1	1	1	1	0.999998	0.999998
9.52	1	1	1	1	0.999998	0.999998
9.525	1	1	1	1	0.999998	0.999998
9.53	1	1	1	1	0.999998	0.999998
9.535	1	1	1	1	0.999998	0.999998
9.54	1	1	1	1	0.999998	0.999998
9.545	1	1	1	1	0.999998	0.999998
9.55	1	1	1	1	0.999998	0.999998
9.555	1	1	1	1	0.999998	0.999998
9.56	1	1	1	1	0.999998	0.999998
9.565	1	1	1	1	0.999998	0.999998
9.57	1	1	1	1	0.999998	0.999998
9.575	1	1	1	1	0.999998	0.999998
9.58	1	1	1	1	0.999998	0.999998
9.585	1	1	1	1	0.999998	0.999998
9.59	1	1	1	1	0.999998	0.999998
9.595	1	1	1	1	0.999998	0.999998
9.6	1	1	1	1	0.999998	0.999998
9.605	1	1	1	1	0.999998	0.999998
9.61	1	1	1	1	0.999998	0.999998
9.615	1	1	1	1	0.999998	0.999998
9.62	1	1	1	1	0.999998	0.999998
9.625	1	1	1	1	0.999998	0.999998
9.63	1	1	1	1	0.999998	0.999998
9.635	1	1	1	1	0.999998	0.999998
9.64	1	1	1	1	0.999998	0.999998
9.645	1	1	1	1	0.999998	0.999998
9.65	1	1	1	1	0.999998	0.999998
9.655	1	1	1	1	0.999998	0.999998
9.66	1	1	1	1	0.999998	0.999998
9.665	1	1	1	1	0.999998	0.999998
9.67	1	1	1	1	0.999998	0.999998
9.675	1	1	1	1	0.999999	0.999999
9.68	1	1	1	1	0.999999	0.999999
9.685	1	1	1	1	0.999999	0.999999
9.69	1	1	1	1	0.999999	0.999999
9.695	1	1	1	1	0.999999	0.999999
9.7	1	1	1	1	0.999999	0.999999
9.705	1	1	1	1	0.999999	0.999999
9.71	1	1	1	1	0.999999	0.999999
9.715	1	1	1	1	0.999999	0.999999
9.72	1	1	1	1	0.999999	0.999999
9.725	1	1	1	1	0.999999	0.999999
9.73	1	1	1	1	0.999999	0.999999
9.735	1	1	1	1	0.999999	0.999999
9.74	1	1	1	1	0.999999	0.999999
9.745	1	1	1	1	0.999999	0.999999
9.75	1	1	1	1	0.999999	0.999999
9.755	1	1	1	1	0.999999	0.999999
9.76	1	1	1	1	0.999999	0.999999
9.765	1	1	1	1	0.999999	0.999999
9.77	1	1	1	1	0.999999	0.999999
9.775	1	1	1	1	0.999999	0.999999
9.78	1	1	1	1	0.999999	0.999999
9.785	1	1	1	1	0.999999	0.999999
9.79	1	1	1	1	0.999999	0.999999
9.795	1	1	1	1	0.999999	0.999999
9.8	1	1	1	1	0.999999	0.999999
9.805	1	1	1	1	0.999999	0.999999
9.81	1	1	1	1	0.999999	0.999999
9.815	1	1	1	1	0.999999	0.999999
9.82	1	1	1	1	0.999999	0.999999
9.825	1	1	1	1	0.999999	0.999999
9.83	1	1	1	1	0.999999	0.999999
9.835	1	1	1	1	0.999999	0.999999
9.84	1	1	1	1	0.999999	0.999999
9.845	1	1	1	1	0.999999	0.999999
9.85	1	1	1	1	0.999999	0.999999
9.855	1	1	1	1	0.999999	0.999999
9.86	1	1	1	1	0.999999	0.999999
9.865	1	1	1	1	0.999999	0.999999
9.87	1	1	1	1	0.999999	0.999999
9.875	1	1	1	1	0.999999	0.999999
9.88	1	1	1	1	0.999999	0.999999
9.885	1	1	1	1	0.999999	0.999999
9.89	1	1	1	1	0.999999	0.999999
9.895	1	1	1	1	0.999999	0.999999
9.9	1	1	1	1	0.999999	0.999999
9.905	1	1	1	1	0.999999	0.999999
9.91	1	1	1	1	0.999999	0.999999
9.915	1	1	1	1	0.999999	0.999999
9.92	1	1	1	1	0.999999	0.999999
9.925	1	1	1	1	0.999999	0.999999
9.93	1	1	1	1	0.999999	0.999999
9.935	1	1	1	1	0.999999	0.999999
9.94	1	1	1	1	0.999999	0.999999
9.945	1	1	1	1	0.999999	0.999999
9.95	1	1	1	1	0.999999	0.999999
9.955	1	1	1	1	0.999999	0.999999
9.96	1	1	1	1	0.999999	0.999999
9.965	1	1	1	1	0.999999	0.999999
9.97	1	1	1	1	0.999999	0.999999
9.975	1	1	1	1	0.999999	0.999999
9.98	1	1	1	1	0.999999	0.999999
9.985	1	1	1	1	0.999999	0.999999
9.99	1	1	1	1	0.999999	0.999999
9.995	1	1	1	1	0.999999	0.999999
10	1	1	1	1	0.999999	0.999999
10.005	1	1	1	1	0.999999	0.999999
10.01	1	1	1	1	0.999999	0.999999
10.015	1	1	1	1	0.999999	0.999999
10.02	1	1	1	1	0.999999	0.999999
10.025	1	1	1	1	0.999999	0.999999
10.03	1	1	1	1	0.999999	0.999999
10.035	1	1	1	1	0.999999	0.999999
10.04	1	1	1	1	0.999999	0.999999
10.045	1	1	1	1	0.999999	0.999999
10.05	1	1	1	1	0.999999	0.999999
10.055	1	1	1	1	0.999999	0.999999
10.06	1	1	1	1	0.999999	0.999999
10.065	1	1	1	1	0.999999	0.999999
10.07	1	1	1	1	0.999999	0.999999
10.075	1	1	1	1	0.999999	0.999999
10.08	1	1	1	1	0.999999	0.999999
10.085	1	1	1	1	0.999999	0.999999
10.09	1	1	1	1	0.999999	0.999999
10.095	1	1	1	1	0.999999	0.999999
10.1	1	1	1	1	0.999999	0.999999
10.105	1	1	1	1	0.999999	0.999999
10.11	1	1	1	1	0.999999	0.999999
10.115	1	1	1	1	0.999999	0.999999
10.12	1	1	1	1	0.999999	0.999999
10.125	1	1	1	1	1	1
10.13	1	1	1	1	1	1
10.135	1	1	1	1	1	1
10.14	1	1	1	1	1	1
10.145	1	1	1	1	1	1
10.15	1	1	1	1	1	1
10.155	1	1	1	1	1	1
10.16	1	1	1	1	1	1
10.165	1	1	1	1	1	1
10.17	1	1	1	1	1	1
10.175	1	1	1	1	1	1
10.18	1	1	1	1	1	1
10.185	1	1	1	1	1	1
10.19	1	1	1	1	1	1
10.195	1	1	1	1	1	1
10.2	1	1	1	1	1	1
10.205	1	1	1	1	1	1
10.21	1	1	1	1	1	1
10.215	1	1	1	1	1	1
10.22	1	1	1	1	1	1
10.225	1	1	1	1	1	1
10.23	1	1	1	1	1	1
10.235	1	1	1	1	1	1
10.24	1	1	1	1	1	1
10.245	1	1	1	1	1	1
10.25	1	1	1	1	1	1
10.255	1	1	1	1	1	1
10.26	1	1	1	1	1	1
10.265	1	1	1	1	1	1
10.27	1	1	1	1	1	1
10.275	1	1	1	1	1	1
10.28	1	1	1	1	1	1
10.285	1	1	1	1	1	1
10.29	1	1	1	1	1	1
10.295	1	1	1	1	1	1
10.3	1	1	1	1	1	1
10.305	1	1	1	1	1	1
10.31	1	1	1	1	1	1
10.315	1	1	1	1	1	1
10.32	1	1	1	1	1	1
10.325	1	1	1	1	1	1
10.33	1	1	1	1	1	1
10.335	1	1	1	1	1	1
10.34	1	1	1	1	1	1
10.345	1	1	1	1	1	1
10.35	1	1	1	1	1	1
10.355	1	1	1	1	1	1
10.36	1	1	1	1	1	1
10.365	1	1	1	1	1	1
10.37	1	1	1	1	1	1
10.375	1	1	1	1	1	1
10.38	1	1	1	1	1	1
10.385	1	1	1	1	1	1
10.39	1	1	1	1	1	1
10.395	1	1	1	1	1	1
10.4	1	1	1	1	1	1
10.405	1	1	1	1	1	1
10.41	1	1	1	1	1	1
10.415	1	1	1	1	1	1
10.42	1	1	1	1	1	1
10.425	1	1	1	1	1	1
10.43	1	1	1	1	1	1
10.435	1	1	1	1	1	1
10.44	1	1	1	1	1	1
10.445	1	1	1	1	1	1
10.45	1	1	1	1	1	1
10.455	1	1	1	1	1	1
10.46	1	1	1	1	1	1
10.465	1	1	1	1	1	1
10.47	1	1	1	1	1	1
10.475	1	1	1	1	1	1
10.48	1	1	1	1	1	1
10.485	1	1	1	1	1	1
10.49	1	1	1	1	1	1
10.495	1	1	1	1	1	1
10.5	1	1	1	1	1	1
10.505	1	1	1	1	1	1
10.51	1	1	1	1	1	1
10.515	1	1	1	1	1	1
10.52	1	1	1	1	1	1
10.525	1	1	1	1	1	1
10.53	1	1	1	1	1	1
10.535	1	1	1	1	1	1
10.54	1	1	1	1	1	1
10.545	1	1	1	1	1	1
10.55	1	1	1	1	1	1
10.555	1	1	1	1	1	1
10.56	1	1	1	1	1	1
10.565	1	1	1	1	1	1
10.57	1	1	1	1	1	1
10.575	1	1	1	1	1	1
10.58	1	1	1	1	1	1
10.585	1	1	1	1	1	1
10.59	1	1	1	1	1	1
10.595	1	1	1	1	1	1
10.6	1	1	1	1	1	1
10.605	1	1	1	1	1	1
10.61	1	1	1	1	1	1
10.615	1	1	1	1	1	1
10.62	1	1	1	1	1	1
10.625	1	1	1	1	1	1
10.63	1	1	1	1	1	1
10.635	1	1	1	1	1	1
10.64	1	1	1	1	1	1
10.645	1	1	1	1	1	1
10.65	1	1	1	1	1	1
10.655	1	1	1	1	1	1
10.66	1	1	1	1	1	1
10.665	1	1	1	1	1	1
10.67	1	1	1	1	1	1
10.675	1	1	1	1	1	1
10.68	1	1	1	1	1	1
10.685	1	1	1	1	1	1
10.69	1	1	1	1	1	1
10.695	1	1	1	1	1	1
10.7	1	1	1	1	1	1
10.705	1	1	1	1	1	1
10.71	1	1	1	1	1	1
10.715	1	1	1	1	1	1
10.72	1	1	1	1	1	1
10.725	1	1	1	1	1	1
10.73	1	1	1	1	1	1
10.735	1	1	1	1	1	1
10.74	1	1	1	1	1	1
10.745	1	1	1	1	1	1
10.75	1	1	1	1	1	1
10.755	1	1	1	1	1	1
10.76	1	1	1	1	1	1
10.765	1	1	1	1	1	1
10.77	1	1	1	1	1	1
10.775	1	1	1	1	1	1
10.78	1	1	1	1	1	1
10.785	1	1	1	1	1	1
10.79	1	1	1	1	1	1
10.795	1	1	1	1	1	1
10.8	1	1	1	1	1	1
10.805	1	1	1	1	1	1
10.81	1	1	1	1	1	1
10.815	1	1	1	1	1	1
10.82	1	1	1	1	1	1
10.825	1	1	1	1	1	1
10.83	1	1	1	1	1	1
10.835	1	1	1	1	1	1
10.84	1	1	1	1	1	1
10.845	1	1	1	1	1	1
10.85	1	1	1	1	1	1
10.855	1	1	1	1	1	1
10.86	1	1	1	1	1	1
10.865	1	1	1	1	1	1
10.87	1	1	1	1	1	1
10.875	1	1	1	1	1	1
10.88	1	1	1	1	1	1
10.885	1	1	1	1	1	1
10.89	1	1	1	1	1	1
10.895	1	1	1	1	1	1
10.9	1	1	1	1	1	1
10.905	1	1	1	1	1	1
10.91	1	1	1	1	1	1
10.915	1	1	1	1	1	1
10.92	1	1	1	1	1	1
10.925	1	1	1	1	1	1
10.93	1	1	1	1	1	1
10.935	1	1	1	1	1	1
10.94	1	1	1	1	1	1
10.945	1	1	1	1	1	1
10.95	1	1	1	1	1	1
10.955	1	1	1	1	1	1
10.96	1	1	1	1	1	1
10.965	1	1	1	1	1	1
10.97	1	1	1	1	1	1
10.975	1	1	1	1	1	1
10.98	1	1	1	1	1	1
10.985	1	1	1	1	1	1
10.99	1	1	1	1	1	1
10.995	1	1	1	1	1	1
