x 	 analitycal w t = 0.49996	KMB w t = 0.49996	analitycal w t = 0.99996	KMB w t = 0.99996	analitycal w t = 1.99992	KMB w t = 1.99992
1	-0.583454
1.01	-0.952281
1.02	-1.29014
1.03	-1.6131
1.04	-1.87103
1.05	-2.0529
1.06	-2.19754
1.07	-2.31961
1.08	-2.42758
1.09	-2.52424
1.1	-2.61185
1.11	-2.69193
1.12	-2.76586
1.13	-2.83444
1.14	-2.89847
1.15	-2.95855
1.16	-3.01516
1.17	-3.06868
1.18	-3.11946
1.19	-3.16777
1.2	-3.21387
1.21	-3.25795
1.22	-3.30019
1.23	-3.34075
1.24	-3.37976
1.25	-3.41735
1.26	-3.45361
1.27	-3.48865
1.28	-3.52255
1.29	-3.55539
1.3	-3.58723
1.31	-3.61814
1.32	-3.64818
1.33	-3.67739
1.34	-3.70582
1.35	-3.73351
1.36	-3.76051
1.37	-3.78685
1.38	-3.81257
1.39	-3.83769
1.4	-3.86224
1.41	-3.88625
1.42	-3.90975
1.43	-3.93276
1.44	-3.95529
1.45	-3.97738
1.46	-3.99903
1.47	-4.02027
1.48	-4.04112
1.49	-4.06158
1.5	-4.08167
1.51	-4.10141
1.52	-4.12081
1.53	-4.13988
1.54	-4.15864
1.55	-4.17709
1.56	-4.19524
1.57	-4.21311
1.58	-4.23085
1.59	-4.24918
1.6	-4.26821
1.61	-4.28793
1.62	-4.30834
1.63	-4.32944
1.64	-4.35123
1.65	-4.3737
1.66	-4.39685
1.67	-4.42068
1.68	-4.44519
1.69	-4.47037
1.7	-4.49622
1.71	-4.52275
1.72	-4.54995
1.73	-4.57781
1.74	-4.60634
1.75	-4.63553
1.76	-4.66539
1.77	-4.6959
1.78	-4.72708
1.79	-4.75891
1.8	-4.79139
1.81	-4.82453
1.82	-4.85832
1.83	-4.89276
1.84	-4.92785
1.85	-4.96359
1.86	-4.99998
1.87	-5.037
1.88	-5.07468
1.89	-5.11299
1.9	-5.15194
1.91	-5.19153
1.92	-5.23176
1.93	-5.27263
1.94	-5.31413
1.95	-5.35627
1.96	-5.39903
1.97	-5.44243
1.98	-5.48646
1.99	-5.53112
2	-5.5764
2.01	-5.62232
2.02	-5.66885
2.03	-5.71602
2.04	-5.7638
2.05	-5.81221
2.06	-5.86124
2.07	-5.91089
2.08	-5.96116
2.09	-6.01205
2.1	-6.06355
2.11	-6.11568
2.12	-6.16841
2.13	-6.22177
2.14	-6.27574
2.15	-6.33032
2.16	-6.38551
2.17	-6.44131
2.18	-6.49773
2.19	-6.55475
2.2	-6.61239
2.21	-6.67063
2.22	-6.72948
2.23	-6.78894
2.24	-6.849
2.25	-6.90967
2.26	-6.97094
2.27	-7.03282
2.28	-7.09531
2.29	-7.15839
2.3	-7.22208
2.31	-7.28637
2.32	-7.35126
2.33	-7.41675
2.34	-7.48284
2.35	-7.54953
2.36	-7.61682
2.37	-7.6847
2.38	-7.75319
2.39	-7.82227
2.4	-7.89195
2.41	-7.96222
2.42	-8.03309
2.43	-8.10456
2.44	-8.17662
2.45	-8.24927
2.46	-8.32252
2.47	-8.39636
2.48	-8.4708
2.49	-8.54582
2.5	-8.62144
2.51	-8.69765
2.52	-8.77446
2.53	-8.85185
2.54	-8.92983
2.55	-9.00841
2.56	-9.08757
2.57	-9.16732
2.58	-9.24767
2.59	-9.3286
2.6	-9.41012
2.61	-9.49223
2.62	-9.57492
2.63	-9.6582
2.64	-9.74207
2.65	-9.82653
2.66	-9.91157
2.67	-9.9972
2.68	-10.0834
2.69	-10.1702
2.7	-10.2576
2.71	-10.3456
2.72	-10.4341
2.73	-10.5233
2.74	-10.613
2.75	-10.7033
2.76	-10.7942
2.77	-10.8857
2.78	-10.9777
2.79	-11.0704
2.8	-11.1635
2.81	-11.2573
2.82	-11.3516
2.83	-11.4465
2.84	-11.542
2.85	-11.638
2.86	-11.7345
2.87	-11.8316
2.88	-11.9292
2.89	-12.0273
2.9	-12.1259
2.91	-12.225
2.92	-12.3246
2.93	-12.4244
2.94	-12.525
2.95	-12.6258
2.96	-12.7267
2.97	-12.8288
2.98	-12.9301
2.99	-13.0324
3	-13.1337
3.01	-13.2369
3.02	-13.3407
3.03	-13.444
3.04	-13.5463
3.05	-13.6536
3.06	-13.7559
3.07	-13.8612
3.08	-13.9678
3.09	-14.0738
3.1	-14.1764
3.11	-14.2556
3.12	-14.3418
3.13	-14.4105
3.14	-14.4775
3.15	-14.5396
3.16	-14.5744
3.17	-14.6122
3.18	-14.6536
3.19	-14.7241
3.2	-14.7785
3.21	-14.9132
3.22	-15.0003
3.23	-15.1764
3.24	-15.2556
3.25	-15.3525
3.26	-15.4775
3.27	-15.6536
3.28	-15.9546
3.29	-15.9546
3.3	-15.9546
3.31	-15.9546
3.32	-inf
3.33	-15.6536
3.34	-15.6536
3.35	-15.9546
3.36	-inf
3.37	-inf
3.38	-15.9546
3.39	-inf
3.4	-inf
3.41	-inf
3.42	-inf
3.43	-inf
3.44	-inf
3.45	-inf
3.46	-inf
3.47	-inf
3.48	-inf
3.49	-inf
3.5	-inf
3.51	-inf
3.52	-inf
3.53	-inf
3.54	-inf
3.55	-inf
3.56	-inf
3.57	-inf
3.58	-15.6536
3.59	-15.6536
3.6	-15.6536
3.61	-15.6536
3.62	-15.6536
3.63	-15.9546
3.64	-inf
3.65	-inf
3.66	-inf
3.67	-inf
3.68	-inf
3.69	-inf
3.7	-inf
3.71	-inf
3.72	-inf
3.73	-inf
3.74	-15.9546
3.75	-15.6536
3.76	-15.4775
3.77	-15.3525
3.78	-15.3525
3.79	-15.6536
3.8	-15.9546
3.81	-inf
3.82	-inf
3.83	-inf
3.84	-inf
3.85	-inf
3.86	-inf
3.87	-inf
3.88	-inf
3.89	-inf
3.9	-inf
3.91	-inf
3.92	-inf
3.93	-inf
3.94	-inf
3.95	-inf
3.96	-inf
3.97	-inf
3.98	-inf
3.99	-inf
4	-inf
4.01	-inf
4.02	-inf
4.03	-inf
4.04	-inf
4.05	-inf
4.06	-inf
4.07	-inf
4.08	-inf
4.09	-inf
4.1	-inf
4.11	-inf
4.12	-inf
4.13	-inf
4.14	-inf
4.15	-inf
4.16	-inf
4.17	-15.9546
4.18	-15.9546
4.19	-inf
4.2	-inf
4.21	-inf
4.22	-inf
4.23	-inf
4.24	-inf
4.25	-inf
4.26	-inf
4.27	-inf
4.28	-inf
4.29	-15.9546
4.3	-15.9546
4.31	-inf
4.32	-inf
4.33	-inf
4.34	-inf
4.35	-15.9546
4.36	-inf
4.37	-inf
4.38	-inf
4.39	-inf
4.4	-inf
4.41	-inf
4.42	-inf
4.43	-inf
4.44	-inf
4.45	-inf
4.46	-inf
4.47	-inf
4.48	-inf
4.49	-inf
4.5	-inf
4.51	-inf
4.52	-inf
4.53	-inf
4.54	-inf
4.55	-inf
4.56	-inf
4.57	-inf
4.58	-inf
4.59	-inf
4.6	-inf
4.61	-inf
4.62	-inf
4.63	-inf
4.64	-inf
4.65	-inf
4.66	-inf
4.67	-inf
4.68	-15.9546
4.69	-inf
4.7	-inf
4.71	-inf
4.72	-inf
4.73	-inf
4.74	-inf
4.75	-inf
4.76	-inf
4.77	-inf
4.78	-inf
4.79	-inf
4.8	-inf
4.81	-inf
4.82	-inf
4.83	-15.9546
4.84	-inf
4.85	-inf
4.86	-inf
4.87	-inf
4.88	-inf
4.89	-inf
4.9	-inf
4.91	-inf
4.92	-inf
4.93	-inf
4.94	-inf
4.95	-inf
4.96	-inf
4.97	-inf
4.98	-inf
4.99	-inf
5	-inf
5.01	-inf
5.02	-inf
5.03	-inf
5.04	-inf
5.05	-inf
5.06	-inf
5.07	-inf
5.08	-inf
5.09	-inf
5.1	-inf
5.11	-inf
5.12	-inf
5.13	-inf
5.14	-inf
5.15	-inf
5.16	-inf
5.17	-inf
5.18	-inf
5.19	-inf
5.2	-inf
5.21	-inf
5.22	-inf
5.23	-inf
5.24	-15.9546
5.25	-inf
5.26	-inf
5.27	-inf
5.28	-inf
5.29	-inf
5.3	-inf
5.31	-inf
5.32	-inf
5.33	-inf
5.34	-inf
5.35	-inf
5.36	-15.9546
5.37	-15.6536
5.38	-15.4775
5.39	-15.6536
5.4	-inf
5.41	-inf
5.42	-inf
5.43	-inf
5.44	-inf
5.45	-inf
5.46	-inf
5.47	-inf
5.48	-inf
5.49	-inf
5.5	-inf
5.51	-inf
5.52	-inf
5.53	-inf
5.54	-inf
5.55	-inf
5.56	-inf
5.57	-inf
5.58	-inf
5.59	-inf
5.6	-inf
5.61	-inf
5.62	-inf
5.63	-inf
5.64	-inf
5.65	-inf
5.66	-inf
5.67	-inf
5.68	-inf
5.69	-inf
5.7	-inf
5.71	-inf
5.72	-inf
5.73	-inf
5.74	-inf
5.75	-inf
5.76	-inf
5.77	-inf
5.78	-inf
5.79	-inf
5.8	-inf
5.81	-inf
5.82	-inf
5.83	-15.9546
5.84	-15.9546
5.85	-15.9546
5.86	-inf
5.87	-inf
5.88	-inf
5.89	-inf
5.9	-inf
5.91	-inf
5.92	-inf
5.93	-inf
5.94	-inf
5.95	-inf
5.96	-inf
5.97	-inf
5.98	-inf
5.99	-inf
6	-inf
6.01	-inf
6.02	-inf
6.03	-inf
6.04	-inf
6.05	-inf
6.06	-inf
6.07	-inf
6.08	-inf
6.09	-inf
6.1	-inf
6.11	-inf
6.12	-inf
6.13	-inf
6.14	-inf
6.15	-inf
6.16	-inf
6.17	-inf
6.18	-inf
6.19	-inf
6.2	-inf
6.21	-inf
6.22	-inf
6.23	-inf
6.24	-inf
6.25	-inf
6.26	-inf
6.27	-inf
6.28	-inf
6.29	-inf
6.3	-inf
6.31	-inf
6.32	-inf
6.33	-inf
6.34	-inf
6.35	-inf
6.36	-inf
6.37	-15.9546
6.38	-inf
6.39	-inf
6.4	-inf
6.41	-inf
6.42	-inf
6.43	-inf
6.44	-15.9546
6.45	-inf
6.46	-inf
6.47	-inf
6.48	-inf
6.49	-inf
6.5	-inf
6.51	-inf
6.52	-inf
6.53	-15.6536
6.54	-15.9546
6.55	-inf
6.56	-inf
6.57	-inf
6.58	-inf
6.59	-inf
6.6	-inf
6.61	-inf
6.62	-inf
6.63	-inf
6.64	-inf
6.65	-inf
6.66	-inf
6.67	-inf
6.68	-inf
6.69	-inf
6.7	-inf
6.71	-inf
6.72	-inf
6.73	-inf
6.74	-inf
6.75	-inf
6.76	-inf
6.77	-15.6536
6.78	-15.9546
6.79	-inf
6.8	-inf
6.81	-inf
6.82	-15.9546
6.83	-inf
6.84	-inf
6.85	-inf
6.86	-inf
6.87	-inf
6.88	-inf
6.89	-inf
6.9	-inf
6.91	-inf
6.92	-inf
6.93	-inf
6.94	-inf
6.95	-15.9546
6.96	-inf
6.97	-inf
6.98	-inf
6.99	-inf
7	-inf
7.01	-inf
7.02	-inf
7.03	-inf
7.04	-inf
7.05	-inf
7.06	-inf
7.07	-inf
7.08	-inf
7.09	-15.9546
7.1	-15.6536
7.11	-15.4775
7.12	-15.6536
7.13	-15.9546
7.14	-inf
7.15	-inf
7.16	-inf
7.17	-inf
7.18	-inf
7.19	-inf
7.2	-inf
7.21	-inf
7.22	-inf
7.23	-inf
7.24	-15.9546
7.25	-15.6536
7.26	-15.6536
7.27	-15.9546
7.28	-inf
7.29	-inf
7.3	-inf
7.31	-inf
7.32	-inf
7.33	-inf
7.34	-inf
7.35	-15.9546
7.36	-inf
7.37	-inf
7.38	-inf
7.39	-inf
7.4	-inf
7.41	-inf
7.42	-15.9546
7.43	-inf
7.44	-inf
7.45	-inf
7.46	-inf
7.47	-inf
7.48	-inf
7.49	-inf
7.5	-inf
7.51	-inf
7.52	-inf
7.53	-inf
7.54	-inf
7.55	-inf
7.56	-15.6536
7.57	-15.4775
7.58	-15.6536
7.59	-15.4775
7.6	-15.3525
7.61	-15.4775
7.62	-15.9546
7.63	-inf
7.64	-inf
7.65	-inf
7.66	-inf
7.67	-15.9546
7.68	-inf
7.69	-inf
7.7	-inf
7.71	-inf
7.72	-inf
7.73	-inf
7.74	-inf
7.75	-inf
7.76	-inf
7.77	-inf
7.78	-inf
7.79	-inf
7.8	-inf
7.81	-inf
7.82	-inf
7.83	-inf
7.84	-inf
7.85	-inf
7.86	-inf
7.87	-inf
7.88	-inf
7.89	-inf
7.9	-inf
7.91	-inf
7.92	-inf
7.93	-15.9546
7.94	-inf
7.95	-inf
7.96	-inf
7.97	-inf
7.98	-inf
7.99	-inf
8	-inf
8.01	-inf
8.02	-inf
8.03	-inf
8.04	-inf
8.05	-inf
8.06	-inf
8.07	-inf
8.08	-inf
8.09	-inf
8.1	-inf
8.11	-inf
8.12	-inf
8.13	-inf
8.14	-inf
8.15	-inf
8.16	-inf
8.17	-15.6536
8.18	-15.6536
8.19	-15.9546
8.2	-inf
8.21	-inf
8.22	-inf
8.23	-inf
8.24	-inf
8.25	-inf
8.26	-inf
8.27	-inf
8.28	-inf
8.29	-inf
8.3	-inf
8.31	-inf
8.32	-inf
8.33	-inf
8.34	-inf
8.35	-inf
8.36	-inf
8.37	-inf
8.38	-inf
8.39	-inf
8.4	-inf
8.41	-inf
8.42	-inf
8.43	-inf
8.44	-15.9546
8.45	-inf
8.46	-inf
8.47	-inf
8.48	-inf
8.49	-inf
8.5	-inf
8.51	-inf
8.52	-inf
8.53	-inf
8.54	-inf
8.55	-inf
8.56	-inf
8.57	-inf
8.58	-inf
8.59	-inf
8.6	-inf
8.61	-inf
8.62	-inf
8.63	-inf
8.64	-inf
8.65	-inf
8.66	-inf
8.67	-inf
8.68	-inf
8.69	-inf
8.7	-inf
8.71	-inf
8.72	-inf
8.73	-inf
8.74	-inf
8.75	-inf
8.76	-inf
8.77	-inf
8.78	-15.9546
8.79	-inf
8.8	-inf
8.81	-inf
8.82	-15.6536
8.83	-15.9546
8.84	-inf
8.85	-inf
8.86	-inf
8.87	-inf
8.88	-inf
8.89	-inf
8.9	-inf
8.91	-inf
8.92	-inf
8.93	-inf
8.94	-inf
8.95	-inf
8.96	-inf
8.97	-inf
8.98	-inf
8.99	-inf
9	-inf
9.01	-inf
9.02	-inf
9.03	-inf
9.04	-inf
9.05	-inf
9.06	-inf
9.07	-inf
9.08	-inf
9.09	-inf
9.1	-inf
9.11	-inf
9.12	-inf
9.13	-inf
9.14	-inf
9.15	-inf
9.16	-inf
9.17	-inf
9.18	-inf
9.19	-inf
9.2	-inf
9.21	-inf
9.22	-inf
9.23	-inf
9.24	-inf
9.25	-inf
9.26	-inf
9.27	-inf
9.28	-inf
9.29	-inf
9.3	-inf
9.31	-inf
9.32	-inf
9.33	-inf
9.34	-inf
9.35	-inf
9.36	-inf
9.37	-inf
9.38	-inf
9.39	-inf
9.4	-inf
9.41	-inf
9.42	-inf
9.43	-inf
9.44	-inf
9.45	-inf
9.46	-inf
9.47	-inf
9.48	-inf
9.49	-inf
9.5	-inf
9.51	-inf
9.52	-inf
9.53	-inf
9.54	-inf
9.55	-inf
9.56	-inf
9.57	-inf
9.58	-inf
9.59	-inf
9.6	-inf
9.61	-inf
9.62	-inf
9.63	-inf
9.64	-inf
9.65	-inf
9.66	-inf
9.67	-inf
9.68	-15.9546
9.69	-inf
9.7	-inf
9.71	-inf
9.72	-inf
9.73	-inf
9.74	-inf
9.75	-inf
9.76	-inf
9.77	-inf
9.78	-inf
9.79	-inf
9.8	-inf
9.81	-inf
9.82	-inf
9.83	-inf
9.84	-inf
9.85	-inf
9.86	-inf
9.87	-inf
9.88	-inf
9.89	-inf
9.9	-inf
9.91	-inf
9.92	-inf
9.93	-inf
9.94	-inf
9.95	-inf
9.96	-inf
9.97	-inf
9.98	-inf
9.99	-inf
10	-inf
10.01	-inf
10.02	-inf
10.03	-inf
10.04	-inf
10.05	-inf
10.06	-inf
10.07	-inf
10.08	-inf
10.09	-inf
10.1	-inf
10.11	-inf
10.12	-inf
10.13	-inf
10.14	-inf
10.15	-inf
10.16	-inf
10.17	-inf
10.18	-inf
10.19	-inf
10.2	-inf
10.21	-inf
10.22	-inf
10.23	-inf
10.24	-inf
10.25	-inf
10.26	-inf
10.27	-inf
10.28	-inf
10.29	-inf
10.3	-inf
10.31	-inf
10.32	-15.9546
10.33	-inf
10.34	-inf
10.35	-inf
10.36	-inf
10.37	-inf
10.38	-inf
10.39	-inf
10.4	-15.9546
10.41	-15.9546
10.42	-inf
10.43	-inf
10.44	-inf
10.45	-inf
10.46	-inf
10.47	-inf
10.48	-inf
10.49	-inf
10.5	-inf
10.51	-15.9546
10.52	-inf
10.53	-inf
10.54	-inf
10.55	-inf
10.56	-inf
10.57	-inf
10.58	-inf
10.59	-inf
10.6	-15.9546
10.61	-inf
10.62	-inf
10.63	-inf
10.64	-inf
10.65	-15.9546
10.66	-inf
10.67	-15.9546
10.68	-inf
10.69	-inf
10.7	-inf
10.71	-inf
10.72	-inf
10.73	-inf
10.74	-inf
10.75	-inf
10.76	-inf
10.77	-inf
10.78	-15.9546
10.79	-inf
10.8	-inf
10.81	-inf
10.82	-inf
10.83	-inf
10.84	-inf
10.85	-inf
10.86	-inf
10.87	-inf
10.88	-inf
10.89	-inf
10.9	-inf
10.91	-inf
10.92	-inf
10.93	-inf
10.94	-inf
10.95	-inf
10.96	-inf
10.97	-inf
10.98	-inf
